,fold,feature_name,feature,loss,acc,idx,class
0,train,cross_entropy,0.8321660161018372,0.1511598825454712,0.8488401174545288,435.0,
1,train,cross_entropy,0.8321660161018372,0.05701720714569092,0.9429827928543091,395.0,
2,train,cross_entropy,0.8321660161018372,0.459993839263916,0.540006160736084,351.0,
3,train,cross_entropy,0.8321660161018372,0.04706752300262451,0.9529324769973755,39.0,
4,train,cross_entropy,0.8321660161018372,0.07632791996002197,0.923672080039978,220.0,
5,train,cross_entropy,0.8321660161018372,0.21994173526763916,0.7800582647323608,311.0,
6,train,cross_entropy,0.8321660161018372,0.09958970546722412,0.9004102945327759,716.0,
7,train,cross_entropy,0.8321660161018372,0.05473625659942627,0.9452637434005737,102.0,
8,train,cross_entropy,0.8321660161018372,0.07662111520767212,0.9233788847923279,349.0,
9,train,cross_entropy,0.8321660161018372,0.14832031726837158,0.8516796827316284,276.0,
10,train,cross_entropy,0.8321660161018372,0.09941810369491577,0.9005818963050842,782.0,
11,train,cross_entropy,0.8321660161018372,0.06349211931228638,0.9365078806877136,18.0,
12,train,cross_entropy,0.8321660161018372,0.061217546463012695,0.9387824535369873,103.0,
13,train,cross_entropy,0.8321660161018372,0.10687744617462158,0.8931225538253784,42.0,
14,train,cross_entropy,0.8321660161018372,0.07045561075210571,0.9295443892478943,567.0,
15,train,cross_entropy,0.8321660161018372,0.08514368534088135,0.9148563146591187,593.0,
16,train,cross_entropy,0.8321660161018372,0.10139584541320801,0.898604154586792,256.0,
17,train,cross_entropy,0.8321660161018372,0.12257575988769531,0.8774242401123047,777.0,
18,train,cross_entropy,0.8321660161018372,0.0873793363571167,0.9126206636428833,128.0,
19,train,cross_entropy,0.8321660161018372,0.36120355129241943,0.6387964487075806,169.0,
20,train,cross_entropy,0.8321660161018372,0.11562514305114746,0.8843748569488525,249.0,
21,train,cross_entropy,0.8321660161018372,0.09813737869262695,0.901862621307373,721.0,
22,train,cross_entropy,0.8321660161018372,0.0854303240776062,0.9145696759223938,388.0,
23,train,cross_entropy,0.8321660161018372,0.046158790588378906,0.9538412094116211,2.0,
24,train,cross_entropy,0.8321660161018372,0.06618744134902954,0.9338125586509705,293.0,
25,train,cross_entropy,0.8321660161018372,0.12457102537155151,0.8754289746284485,525.0,
26,train,cross_entropy,0.8321660161018372,0.034853219985961914,0.9651467800140381,244.0,
27,train,cross_entropy,0.8321660161018372,0.6524949669837952,0.34750503301620483,555.0,
28,train,cross_entropy,0.8321660161018372,0.1455039381980896,0.8544960618019104,286.0,
29,train,cross_entropy,0.8321660161018372,0.06536281108856201,0.934637188911438,439.0,
30,train,cross_entropy,0.8321660161018372,0.08920431137084961,0.9107956886291504,398.0,
31,train,cross_entropy,0.8321660161018372,0.10630524158477783,0.8936947584152222,124.0,
32,train,cross_entropy,0.8535890579223633,0.14362484216690063,0.8563751578330994,41.0,
33,train,cross_entropy,0.8535890579223633,0.09330606460571289,0.9066939353942871,744.0,
34,train,cross_entropy,0.8535890579223633,0.2122262716293335,0.7877737283706665,277.0,
35,train,cross_entropy,0.8535890579223633,0.03826594352722168,0.9617340564727783,78.0,
36,train,cross_entropy,0.8535890579223633,0.10229408740997314,0.8977059125900269,743.0,
37,train,cross_entropy,0.8535890579223633,0.3683059811592102,0.6316940188407898,157.0,
38,train,cross_entropy,0.8535890579223633,0.09566992521286011,0.9043300747871399,463.0,
39,train,cross_entropy,0.8535890579223633,0.2842894196510315,0.7157105803489685,457.0,
40,train,cross_entropy,0.8535890579223633,0.06105375289916992,0.9389462471008301,299.0,
41,train,cross_entropy,0.8535890579223633,0.15101772546768188,0.8489822745323181,506.0,
42,train,cross_entropy,0.8535890579223633,0.3507261872291565,0.6492738127708435,307.0,
43,train,cross_entropy,0.8535890579223633,0.05705982446670532,0.9429401755332947,265.0,
44,train,cross_entropy,0.8535890579223633,0.06384128332138062,0.9361587166786194,591.0,
45,train,cross_entropy,0.8535890579223633,0.10089141130447388,0.8991085886955261,55.0,
46,train,cross_entropy,0.8535890579223633,0.3877323865890503,0.6122676134109497,489.0,
47,train,cross_entropy,0.8535890579223633,0.06725198030471802,0.932748019695282,51.0,
48,train,cross_entropy,0.8535890579223633,0.06843060255050659,0.9315693974494934,326.0,
49,train,cross_entropy,0.8535890579223633,0.10759633779525757,0.8924036622047424,596.0,
50,train,cross_entropy,0.8535890579223633,0.08074522018432617,0.9192547798156738,577.0,
51,train,cross_entropy,0.8535890579223633,0.19052886962890625,0.8094711303710938,476.0,
52,train,cross_entropy,0.8535890579223633,0.31822681427001953,0.6817731857299805,241.0,
53,train,cross_entropy,0.8535890579223633,0.12398636341094971,0.8760136365890503,381.0,
54,train,cross_entropy,0.8535890579223633,0.1536879539489746,0.8463120460510254,711.0,
55,train,cross_entropy,0.8535890579223633,0.07932603359222412,0.9206739664077759,541.0,
56,train,cross_entropy,0.8535890579223633,0.05052924156188965,0.9494707584381104,516.0,
57,train,cross_entropy,0.8535890579223633,0.695407509803772,0.304592490196228,356.0,
58,train,cross_entropy,0.8535890579223633,0.0792393684387207,0.9207606315612793,229.0,
59,train,cross_entropy,0.8535890579223633,0.02893930673599243,0.9710606932640076,310.0,
60,train,cross_entropy,0.8535890579223633,0.11747056245803833,0.8825294375419617,509.0,
61,train,cross_entropy,0.8535890579223633,0.10200613737106323,0.8979938626289368,495.0,
62,train,cross_entropy,0.8535890579223633,0.04071605205535889,0.9592839479446411,750.0,
63,train,cross_entropy,0.8535890579223633,0.08916586637496948,0.9108341336250305,397.0,
64,train,cross_entropy,0.8639461994171143,0.11868518590927124,0.8813148140907288,89.0,
65,train,cross_entropy,0.8639461994171143,0.1315097212791443,0.8684902787208557,614.0,
66,train,cross_entropy,0.8639461994171143,0.2314627766609192,0.7685372233390808,331.0,
67,train,cross_entropy,0.8639461994171143,0.18483757972717285,0.8151624202728271,464.0,
68,train,cross_entropy,0.8639461994171143,0.17363154888153076,0.8263684511184692,198.0,
69,train,cross_entropy,0.8639461994171143,0.12237632274627686,0.8776236772537231,485.0,
70,train,cross_entropy,0.8639461994171143,0.07664984464645386,0.9233501553535461,100.0,
71,train,cross_entropy,0.8639461994171143,0.8471183776855469,0.15288162231445312,633.0,
72,train,cross_entropy,0.8639461994171143,0.04371762275695801,0.956282377243042,60.0,
73,train,cross_entropy,0.8639461994171143,0.08604449033737183,0.9139555096626282,26.0,
74,train,cross_entropy,0.8639461994171143,0.09776633977890015,0.9022336602210999,47.0,
75,train,cross_entropy,0.8639461994171143,0.07018446922302246,0.9298155307769775,34.0,
76,train,cross_entropy,0.8639461994171143,0.14238840341567993,0.8576115965843201,544.0,
77,train,cross_entropy,0.8639461994171143,0.1426410675048828,0.8573589324951172,363.0,
78,train,cross_entropy,0.8639461994171143,0.10748624801635742,0.8925137519836426,142.0,
79,train,cross_entropy,0.8639461994171143,0.12128323316574097,0.878716766834259,240.0,
80,train,cross_entropy,0.8639461994171143,0.14112651348114014,0.8588734865188599,785.0,
81,train,cross_entropy,0.8639461994171143,0.056425273418426514,0.9435747265815735,164.0,
82,train,cross_entropy,0.8639461994171143,0.3712037205696106,0.6287962794303894,733.0,
83,train,cross_entropy,0.8639461994171143,0.3050854206085205,0.6949145793914795,379.0,
84,train,cross_entropy,0.8639461994171143,0.12694907188415527,0.8730509281158447,763.0,
85,train,cross_entropy,0.8639461994171143,0.0967559814453125,0.9032440185546875,50.0,
86,train,cross_entropy,0.8639461994171143,0.06142348051071167,0.9385765194892883,79.0,
87,train,cross_entropy,0.8639461994171143,0.16306054592132568,0.8369394540786743,52.0,
88,train,cross_entropy,0.8639461994171143,0.138360857963562,0.861639142036438,125.0,
89,train,cross_entropy,0.8639461994171143,0.31494593620300293,0.6850540637969971,459.0,
90,train,cross_entropy,0.8639461994171143,0.3624591827392578,0.6375408172607422,3.0,
91,train,cross_entropy,0.8639461994171143,0.07094234228134155,0.9290576577186584,186.0,
92,train,cross_entropy,0.8639461994171143,0.08998638391494751,0.9100136160850525,9.0,
93,train,cross_entropy,0.8639461994171143,0.06514513492584229,0.9348548650741577,45.0,
94,train,cross_entropy,0.8639461994171143,0.12162435054779053,0.8783756494522095,730.0,
95,train,cross_entropy,0.8639461994171143,0.08217859268188477,0.9178214073181152,490.0,
96,train,cross_entropy,0.8678939342498779,0.11331838369369507,0.8866816163063049,431.0,
97,train,cross_entropy,0.8678939342498779,0.5319138169288635,0.4680861830711365,603.0,
98,train,cross_entropy,0.8678939342498779,0.06567877531051636,0.9343212246894836,462.0,
99,train,cross_entropy,0.8678939342498779,0.048087120056152344,0.9519128799438477,306.0,
100,train,cross_entropy,0.8678939342498779,0.08147168159484863,0.9185283184051514,493.0,
101,train,cross_entropy,0.8678939342498779,0.15677744150161743,0.8432225584983826,116.0,
102,train,cross_entropy,0.8678939342498779,0.046203792095184326,0.9537962079048157,717.0,
103,train,cross_entropy,0.8678939342498779,0.2043379545211792,0.7956620454788208,492.0,
104,train,cross_entropy,0.8678939342498779,0.07182389497756958,0.9281761050224304,258.0,
105,train,cross_entropy,0.8678939342498779,0.1446162462234497,0.8553837537765503,748.0,
106,train,cross_entropy,0.8678939342498779,0.09472686052322388,0.9052731394767761,56.0,
107,train,cross_entropy,0.8678939342498779,0.07405543327331543,0.9259445667266846,391.0,
108,train,cross_entropy,0.8678939342498779,0.3305673599243164,0.6694326400756836,507.0,
109,train,cross_entropy,0.8678939342498779,0.10886412858963013,0.8911358714103699,188.0,
110,train,cross_entropy,0.8678939342498779,0.048393428325653076,0.9516065716743469,659.0,
111,train,cross_entropy,0.8678939342498779,0.08019071817398071,0.9198092818260193,595.0,
112,train,cross_entropy,0.8678939342498779,0.06781399250030518,0.9321860074996948,289.0,
113,train,cross_entropy,0.8678939342498779,0.08754074573516846,0.9124592542648315,756.0,
114,train,cross_entropy,0.8678939342498779,0.05604076385498047,0.9439592361450195,279.0,
115,train,cross_entropy,0.8678939342498779,0.08349364995956421,0.9165063500404358,394.0,
116,train,cross_entropy,0.8678939342498779,0.08092069625854492,0.9190793037414551,350.0,
117,train,cross_entropy,0.8678939342498779,0.06793689727783203,0.932063102722168,114.0,
118,train,cross_entropy,0.8678939342498779,0.3498121500015259,0.6501878499984741,365.0,
119,train,cross_entropy,0.8678939342498779,0.08647418022155762,0.9135258197784424,692.0,
120,train,cross_entropy,0.8678939342498779,0.09993958473205566,0.9000604152679443,724.0,
121,train,cross_entropy,0.8678939342498779,0.15960121154785156,0.8403987884521484,600.0,
122,train,cross_entropy,0.8678939342498779,0.12714636325836182,0.8728536367416382,792.0,
123,train,cross_entropy,0.8678939342498779,0.18924367427825928,0.8107563257217407,6.0,
124,train,cross_entropy,0.8678939342498779,0.6595208644866943,0.34047913551330566,557.0,
125,train,cross_entropy,0.8678939342498779,0.06369662284851074,0.9363033771514893,559.0,
126,train,cross_entropy,0.8678939342498779,0.04582411050796509,0.9541758894920349,223.0,
127,train,cross_entropy,0.8678939342498779,0.4259980320930481,0.5740019679069519,613.0,
128,train,cross_entropy,0.8425333499908447,0.060237348079681396,0.9397626519203186,415.0,
129,train,cross_entropy,0.8425333499908447,0.18122702836990356,0.8187729716300964,423.0,
130,train,cross_entropy,0.8425333499908447,0.07289963960647583,0.9271003603935242,273.0,
131,train,cross_entropy,0.8425333499908447,0.09212338924407959,0.9078766107559204,667.0,
132,train,cross_entropy,0.8425333499908447,0.1848633885383606,0.8151366114616394,597.0,
133,train,cross_entropy,0.8425333499908447,0.08141928911209106,0.9185807108879089,259.0,
134,train,cross_entropy,0.8425333499908447,0.19662493467330933,0.8033750653266907,500.0,
135,train,cross_entropy,0.8425333499908447,0.3890770673751831,0.6109229326248169,510.0,
136,train,cross_entropy,0.8425333499908447,0.4222080111503601,0.5777919888496399,160.0,
137,train,cross_entropy,0.8425333499908447,0.2644992470741272,0.7355007529258728,370.0,
138,train,cross_entropy,0.8425333499908447,0.8398506045341492,0.16014939546585083,338.0,
139,train,cross_entropy,0.8425333499908447,0.06894004344940186,0.9310599565505981,698.0,
140,train,cross_entropy,0.8425333499908447,0.05961674451828003,0.94038325548172,548.0,
141,train,cross_entropy,0.8425333499908447,0.11265766620635986,0.8873423337936401,173.0,
142,train,cross_entropy,0.8425333499908447,0.08869189023971558,0.9113081097602844,378.0,
143,train,cross_entropy,0.8425333499908447,0.07309997081756592,0.9269000291824341,594.0,
144,train,cross_entropy,0.8425333499908447,0.08294373750686646,0.9170562624931335,766.0,
145,train,cross_entropy,0.8425333499908447,0.13784950971603394,0.8621504902839661,420.0,
146,train,cross_entropy,0.8425333499908447,0.09007954597473145,0.9099204540252686,84.0,
147,train,cross_entropy,0.8425333499908447,0.5636118650436401,0.43638813495635986,130.0,
148,train,cross_entropy,0.8425333499908447,0.04540199041366577,0.9545980095863342,611.0,
149,train,cross_entropy,0.8425333499908447,0.069161057472229,0.930838942527771,404.0,
150,train,cross_entropy,0.8425333499908447,0.05412423610687256,0.9458757638931274,754.0,
151,train,cross_entropy,0.8425333499908447,0.11179906129837036,0.8882009387016296,472.0,
152,train,cross_entropy,0.8425333499908447,0.0841827392578125,0.9158172607421875,76.0,
153,train,cross_entropy,0.8425333499908447,0.13059353828430176,0.8694064617156982,335.0,
154,train,cross_entropy,0.8425333499908447,0.2065962553024292,0.7934037446975708,640.0,
155,train,cross_entropy,0.8425333499908447,0.04449260234832764,0.9555073976516724,285.0,
156,train,cross_entropy,0.8425333499908447,0.27177125215530396,0.728228747844696,615.0,
157,train,cross_entropy,0.8425333499908447,0.08795273303985596,0.912047266960144,723.0,
158,train,cross_entropy,0.8425333499908447,0.0670132040977478,0.9329867959022522,180.0,
159,train,cross_entropy,0.8425333499908447,0.051228225231170654,0.9487717747688293,761.0,
160,train,cross_entropy,0.8491067886352539,0.059582412242889404,0.9404175877571106,653.0,
161,train,cross_entropy,0.8491067886352539,0.07368552684783936,0.9263144731521606,572.0,
162,train,cross_entropy,0.8491067886352539,0.09294551610946655,0.9070544838905334,313.0,
163,train,cross_entropy,0.8491067886352539,0.6948927640914917,0.3051072359085083,110.0,
164,train,cross_entropy,0.8491067886352539,0.07797914743423462,0.9220208525657654,538.0,
165,train,cross_entropy,0.8491067886352539,0.07843166589736938,0.9215683341026306,706.0,
166,train,cross_entropy,0.8491067886352539,0.06987005472183228,0.9301299452781677,610.0,
167,train,cross_entropy,0.8491067886352539,0.04393571615219116,0.9560642838478088,735.0,
168,train,cross_entropy,0.8491067886352539,0.1596907377243042,0.8403092622756958,119.0,
169,train,cross_entropy,0.8491067886352539,0.03518801927566528,0.9648119807243347,203.0,
170,train,cross_entropy,0.8491067886352539,0.062442123889923096,0.9375578761100769,760.0,
171,train,cross_entropy,0.8491067886352539,0.025622129440307617,0.9743778705596924,44.0,
172,train,cross_entropy,0.8491067886352539,0.18998974561691284,0.8100102543830872,236.0,
173,train,cross_entropy,0.8491067886352539,0.1582053303718567,0.8417946696281433,315.0,
174,train,cross_entropy,0.8491067886352539,0.21810495853424072,0.7818950414657593,90.0,
175,train,cross_entropy,0.8491067886352539,0.1257380247116089,0.8742619752883911,109.0,
176,train,cross_entropy,0.8491067886352539,0.0819740891456604,0.9180259108543396,255.0,
177,train,cross_entropy,0.8491067886352539,0.115753173828125,0.884246826171875,332.0,
178,train,cross_entropy,0.8491067886352539,0.1399073600769043,0.8600926399230957,762.0,
179,train,cross_entropy,0.8491067886352539,0.1264159083366394,0.8735840916633606,225.0,
180,train,cross_entropy,0.8491067886352539,0.10530298948287964,0.8946970105171204,587.0,
181,train,cross_entropy,0.8491067886352539,0.18025827407836914,0.8197417259216309,403.0,
182,train,cross_entropy,0.8491067886352539,0.038229167461395264,0.9617708325386047,210.0,
183,train,cross_entropy,0.8491067886352539,0.13504165410995483,0.8649583458900452,274.0,
184,train,cross_entropy,0.8491067886352539,0.12416458129882812,0.8758354187011719,325.0,
185,train,cross_entropy,0.8491067886352539,0.06033402681350708,0.9396659731864929,57.0,
186,train,cross_entropy,0.8491067886352539,0.21858257055282593,0.7814174294471741,59.0,
187,train,cross_entropy,0.8491067886352539,0.06427675485610962,0.9357232451438904,554.0,
188,train,cross_entropy,0.8491067886352539,0.07751613855361938,0.9224838614463806,608.0,
189,train,cross_entropy,0.8491067886352539,0.10090768337249756,0.8990923166275024,118.0,
190,train,cross_entropy,0.8491067886352539,0.46079468727111816,0.5392053127288818,168.0,
191,train,cross_entropy,0.8491067886352539,0.2014942765235901,0.7985057234764099,141.0,
192,train,cross_entropy,0.7949633598327637,0.05481177568435669,0.9451882243156433,795.0,
193,train,cross_entropy,0.7949633598327637,0.11500346660614014,0.8849965333938599,298.0,
194,train,cross_entropy,0.7949633598327637,0.10803210735321045,0.8919678926467896,664.0,
195,train,cross_entropy,0.7949633598327637,0.051222920417785645,0.9487770795822144,250.0,
196,train,cross_entropy,0.7949633598327637,0.1412428617477417,0.8587571382522583,771.0,
197,train,cross_entropy,0.7949633598327637,0.3234274387359619,0.6765725612640381,97.0,
198,train,cross_entropy,0.7949633598327637,0.05190300941467285,0.9480969905853271,317.0,
199,train,cross_entropy,0.7949633598327637,0.09815853834152222,0.9018414616584778,375.0,
200,train,cross_entropy,0.7949633598327637,0.14873743057250977,0.8512625694274902,354.0,
201,train,cross_entropy,0.7949633598327637,0.09405308961868286,0.9059469103813171,444.0,
202,train,cross_entropy,0.7949633598327637,0.09254276752471924,0.9074572324752808,616.0,
203,train,cross_entropy,0.7949633598327637,0.06349688768386841,0.9365031123161316,571.0,
204,train,cross_entropy,0.7949633598327637,0.1182895302772522,0.8817104697227478,588.0,
205,train,cross_entropy,0.7949633598327637,0.1448512077331543,0.8551487922668457,734.0,
206,train,cross_entropy,0.7949633598327637,0.10501354932785034,0.8949864506721497,61.0,
207,train,cross_entropy,0.7949633598327637,0.03550487756729126,0.9644951224327087,21.0,
208,train,cross_entropy,0.7949633598327637,0.11730360984802246,0.8826963901519775,646.0,
209,train,cross_entropy,0.7949633598327637,0.09429961442947388,0.9057003855705261,695.0,
210,train,cross_entropy,0.7949633598327637,0.06400883197784424,0.9359911680221558,104.0,
211,train,cross_entropy,0.7949633598327637,0.42632991075515747,0.5736700892448425,5.0,
212,train,cross_entropy,0.7949633598327637,0.16621577739715576,0.8337842226028442,755.0,
213,train,cross_entropy,0.7949633598327637,0.09996718168258667,0.9000328183174133,770.0,
214,train,cross_entropy,0.7949633598327637,0.05961942672729492,0.9403805732727051,150.0,
215,train,cross_entropy,0.7949633598327637,0.16055554151535034,0.8394444584846497,72.0,
216,train,cross_entropy,0.7949633598327637,0.22226136922836304,0.777738630771637,226.0,
217,train,cross_entropy,0.7949633598327637,0.1530044674873352,0.8469955325126648,64.0,
218,train,cross_entropy,0.7949633598327637,0.1780673861503601,0.8219326138496399,651.0,
219,train,cross_entropy,0.7949633598327637,0.05053955316543579,0.9494604468345642,670.0,
220,train,cross_entropy,0.7949633598327637,0.027274489402770996,0.972725510597229,696.0,
221,train,cross_entropy,0.7949633598327637,0.31218141317367554,0.6878185868263245,480.0,
222,train,cross_entropy,0.7949633598327637,0.050668954849243164,0.9493310451507568,702.0,
223,train,cross_entropy,0.7949633598327637,0.09278702735900879,0.9072129726409912,70.0,
224,train,cross_entropy,0.8377712965011597,0.9551772475242615,0.044822752475738525,416.0,
225,train,cross_entropy,0.8377712965011597,0.061711251735687256,0.9382887482643127,491.0,
226,train,cross_entropy,0.8377712965011597,0.08444249629974365,0.9155575037002563,343.0,
227,train,cross_entropy,0.8377712965011597,0.05108511447906494,0.9489148855209351,618.0,
228,train,cross_entropy,0.8377712965011597,0.11019253730773926,0.8898074626922607,601.0,
229,train,cross_entropy,0.8377712965011597,0.11962127685546875,0.8803787231445312,687.0,
230,train,cross_entropy,0.8377712965011597,0.06505239009857178,0.9349476099014282,69.0,
231,train,cross_entropy,0.8377712965011597,0.10129320621490479,0.8987067937850952,22.0,
232,train,cross_entropy,0.8377712965011597,0.09722793102264404,0.902772068977356,552.0,
233,train,cross_entropy,0.8377712965011597,0.07458746433258057,0.9254125356674194,731.0,
234,train,cross_entropy,0.8377712965011597,0.08476316928863525,0.9152368307113647,741.0,
235,train,cross_entropy,0.8377712965011597,0.022973239421844482,0.9770267605781555,253.0,
236,train,cross_entropy,0.8377712965011597,0.09330368041992188,0.9066963195800781,461.0,
237,train,cross_entropy,0.8377712965011597,0.03648108243942261,0.9635189175605774,133.0,
238,train,cross_entropy,0.8377712965011597,0.07317256927490234,0.9268274307250977,291.0,
239,train,cross_entropy,0.8377712965011597,0.3020840287208557,0.6979159712791443,448.0,
240,train,cross_entropy,0.8377712965011597,0.05630999803543091,0.9436900019645691,123.0,
241,train,cross_entropy,0.8377712965011597,0.12410110235214233,0.8758988976478577,175.0,
242,train,cross_entropy,0.8377712965011597,0.051909029483795166,0.9480909705162048,195.0,
243,train,cross_entropy,0.8377712965011597,0.1020706295967102,0.8979293704032898,455.0,
244,train,cross_entropy,0.8377712965011597,0.09196442365646362,0.9080355763435364,487.0,
245,train,cross_entropy,0.8377712965011597,0.06902599334716797,0.930974006652832,95.0,
246,train,cross_entropy,0.8377712965011597,0.1990218162536621,0.8009781837463379,134.0,
247,train,cross_entropy,0.8377712965011597,0.24744969606399536,0.7525503039360046,746.0,
248,train,cross_entropy,0.8377712965011597,0.04411053657531738,0.9558894634246826,556.0,
249,train,cross_entropy,0.8377712965011597,0.1469634771347046,0.8530365228652954,419.0,
250,train,cross_entropy,0.8377712965011597,0.13117557764053345,0.8688244223594666,308.0,
251,train,cross_entropy,0.8377712965011597,0.03174781799316406,0.9682521820068359,312.0,
252,train,cross_entropy,0.8377712965011597,0.28112953901290894,0.7188704609870911,604.0,
253,train,cross_entropy,0.8377712965011597,0.0982089638710022,0.9017910361289978,183.0,
254,train,cross_entropy,0.8377712965011597,0.08052456378936768,0.9194754362106323,584.0,
255,train,cross_entropy,0.8377712965011597,0.06761860847473145,0.9323813915252686,303.0,
256,train,cross_entropy,0.8077350854873657,0.027227401733398438,0.9727725982666016,233.0,
257,train,cross_entropy,0.8077350854873657,0.03456079959869385,0.9654392004013062,216.0,
258,train,cross_entropy,0.8077350854873657,0.14375340938568115,0.8562465906143188,570.0,
259,train,cross_entropy,0.8077350854873657,0.05792790651321411,0.9420720934867859,287.0,
260,train,cross_entropy,0.8077350854873657,0.2005823850631714,0.7994176149368286,719.0,
261,train,cross_entropy,0.8077350854873657,0.05482673645019531,0.9451732635498047,745.0,
262,train,cross_entropy,0.8077350854873657,0.10022521018981934,0.8997747898101807,11.0,
263,train,cross_entropy,0.8077350854873657,0.16558539867401123,0.8344146013259888,725.0,
264,train,cross_entropy,0.8077350854873657,0.13772958517074585,0.8622704148292542,182.0,
265,train,cross_entropy,0.8077350854873657,0.09496849775314331,0.9050315022468567,681.0,
266,train,cross_entropy,0.8077350854873657,0.147380530834198,0.852619469165802,319.0,
267,train,cross_entropy,0.8077350854873657,0.062177062034606934,0.9378229379653931,413.0,
268,train,cross_entropy,0.8077350854873657,0.05418020486831665,0.9458197951316833,774.0,
269,train,cross_entropy,0.8077350854873657,0.06410247087478638,0.9358975291252136,86.0,
270,train,cross_entropy,0.8077350854873657,0.07069867849349976,0.9293013215065002,703.0,
271,train,cross_entropy,0.8077350854873657,0.06593042612075806,0.9340695738792419,158.0,
272,train,cross_entropy,0.8077350854873657,0.07443755865097046,0.9255624413490295,217.0,
273,train,cross_entropy,0.8077350854873657,0.08627337217330933,0.9137266278266907,408.0,
274,train,cross_entropy,0.8077350854873657,0.08213317394256592,0.9178668260574341,357.0,
275,train,cross_entropy,0.8077350854873657,0.15180903673171997,0.84819096326828,682.0,
276,train,cross_entropy,0.8077350854873657,0.5746281147003174,0.4253718852996826,742.0,
277,train,cross_entropy,0.8077350854873657,0.044641315937042236,0.9553586840629578,200.0,
278,train,cross_entropy,0.8077350854873657,0.057435452938079834,0.9425645470619202,174.0,
279,train,cross_entropy,0.8077350854873657,0.06413078308105469,0.9358692169189453,765.0,
280,train,cross_entropy,0.8077350854873657,0.04583364725112915,0.9541663527488708,639.0,
281,train,cross_entropy,0.8077350854873657,0.041696369647979736,0.9583036303520203,469.0,
282,train,cross_entropy,0.8077350854873657,0.05344456434249878,0.9465554356575012,179.0,
283,train,cross_entropy,0.8077350854873657,0.07732611894607544,0.9226738810539246,178.0,
284,train,cross_entropy,0.8077350854873657,0.06896531581878662,0.9310346841812134,684.0,
285,train,cross_entropy,0.8077350854873657,0.0734626054763794,0.9265373945236206,71.0,
286,train,cross_entropy,0.8077350854873657,0.2929226756095886,0.7070773243904114,520.0,
287,train,cross_entropy,0.8077350854873657,0.1489100456237793,0.8510899543762207,720.0,
288,train,cross_entropy,0.8238017559051514,0.04222601652145386,0.9577739834785461,94.0,
289,train,cross_entropy,0.8238017559051514,0.052376389503479004,0.947623610496521,482.0,
290,train,cross_entropy,0.8238017559051514,0.22620898485183716,0.7737910151481628,406.0,
291,train,cross_entropy,0.8238017559051514,0.05937647819519043,0.9406235218048096,147.0,
292,train,cross_entropy,0.8238017559051514,0.06936860084533691,0.9306313991546631,330.0,
293,train,cross_entropy,0.8238017559051514,0.10474348068237305,0.895256519317627,424.0,
294,train,cross_entropy,0.8238017559051514,0.06361913681030273,0.9363808631896973,243.0,
295,train,cross_entropy,0.8238017559051514,0.08159232139587402,0.918407678604126,589.0,
296,train,cross_entropy,0.8238017559051514,0.08927643299102783,0.9107235670089722,242.0,
297,train,cross_entropy,0.8238017559051514,0.10883593559265137,0.8911640644073486,270.0,
298,train,cross_entropy,0.8238017559051514,0.04310345649719238,0.9568965435028076,81.0,
299,train,cross_entropy,0.8238017559051514,0.0993390679359436,0.9006609320640564,151.0,
300,train,cross_entropy,0.8238017559051514,0.07146978378295898,0.928530216217041,324.0,
301,train,cross_entropy,0.8238017559051514,0.04908549785614014,0.9509145021438599,496.0,
302,train,cross_entropy,0.8238017559051514,0.06138932704925537,0.9386106729507446,360.0,
303,train,cross_entropy,0.8238017559051514,0.08958137035369873,0.9104186296463013,764.0,
304,train,cross_entropy,0.8238017559051514,0.20365703105926514,0.7963429689407349,517.0,
305,train,cross_entropy,0.8238017559051514,0.09085845947265625,0.9091415405273438,666.0,
306,train,cross_entropy,0.8238017559051514,0.07868176698684692,0.9213182330131531,468.0,
307,train,cross_entropy,0.8238017559051514,0.08730900287628174,0.9126909971237183,636.0,
308,train,cross_entropy,0.8238017559051514,0.04068470001220703,0.959315299987793,355.0,
309,train,cross_entropy,0.8238017559051514,0.12339532375335693,0.8766046762466431,627.0,
310,train,cross_entropy,0.8238017559051514,0.06268364191055298,0.937316358089447,458.0,
311,train,cross_entropy,0.8238017559051514,0.1765475869178772,0.8234524130821228,74.0,
312,train,cross_entropy,0.8238017559051514,0.11476844549179077,0.8852315545082092,628.0,
313,train,cross_entropy,0.8238017559051514,0.06557774543762207,0.9344222545623779,54.0,
314,train,cross_entropy,0.8238017559051514,0.05393528938293457,0.9460647106170654,58.0,
315,train,cross_entropy,0.8238017559051514,0.219077467918396,0.780922532081604,264.0,
316,train,cross_entropy,0.8238017559051514,0.05796176195144653,0.9420382380485535,222.0,
317,train,cross_entropy,0.8238017559051514,0.5440353155136108,0.45596468448638916,410.0,
318,train,cross_entropy,0.8238017559051514,0.10507446527481079,0.8949255347251892,533.0,
319,train,cross_entropy,0.8238017559051514,0.08458477258682251,0.9154152274131775,367.0,
320,train,cross_entropy,0.8292555809020996,0.04286760091781616,0.9571323990821838,752.0,
321,train,cross_entropy,0.8292555809020996,0.088229238986969,0.911770761013031,82.0,
322,train,cross_entropy,0.8292555809020996,0.0679253339767456,0.9320746660232544,20.0,
323,train,cross_entropy,0.8292555809020996,0.07454562187194824,0.9254543781280518,294.0,
324,train,cross_entropy,0.8292555809020996,0.1431434154510498,0.8568565845489502,523.0,
325,train,cross_entropy,0.8292555809020996,0.623100996017456,0.37689900398254395,209.0,
326,train,cross_entropy,0.8292555809020996,0.06737208366394043,0.9326279163360596,736.0,
327,train,cross_entropy,0.8292555809020996,0.5260493159294128,0.47395068407058716,385.0,
328,train,cross_entropy,0.8292555809020996,0.046956777572631836,0.9530432224273682,10.0,
329,train,cross_entropy,0.8292555809020996,0.08077257871627808,0.9192274212837219,344.0,
330,train,cross_entropy,0.8292555809020996,0.07262688875198364,0.9273731112480164,247.0,
331,train,cross_entropy,0.8292555809020996,0.10328799486160278,0.8967120051383972,267.0,
332,train,cross_entropy,0.8292555809020996,0.13607800006866455,0.8639219999313354,536.0,
333,train,cross_entropy,0.8292555809020996,0.0905301570892334,0.9094698429107666,297.0,
334,train,cross_entropy,0.8292555809020996,0.27507513761520386,0.7249248623847961,705.0,
335,train,cross_entropy,0.8292555809020996,0.19007116556167603,0.809928834438324,167.0,
336,train,cross_entropy,0.8292555809020996,0.09161776304244995,0.90838223695755,503.0,
337,train,cross_entropy,0.8292555809020996,0.09219646453857422,0.9078035354614258,400.0,
338,train,cross_entropy,0.8292555809020996,0.10331535339355469,0.8966846466064453,96.0,
339,train,cross_entropy,0.8292555809020996,0.4951629638671875,0.5048370361328125,788.0,
340,train,cross_entropy,0.8292555809020996,0.27034807205200195,0.729651927947998,83.0,
341,train,cross_entropy,0.8292555809020996,0.14949071407318115,0.8505092859268188,606.0,
342,train,cross_entropy,0.8292555809020996,0.09795349836349487,0.9020465016365051,170.0,
343,train,cross_entropy,0.8292555809020996,0.04304945468902588,0.9569505453109741,396.0,
344,train,cross_entropy,0.8292555809020996,0.05164223909378052,0.9483577609062195,759.0,
345,train,cross_entropy,0.8292555809020996,0.19825536012649536,0.8017446398735046,453.0,
346,train,cross_entropy,0.8292555809020996,0.024788320064544678,0.9752116799354553,25.0,
347,train,cross_entropy,0.8292555809020996,0.04756045341491699,0.952439546585083,213.0,
348,train,cross_entropy,0.8292555809020996,0.07971549034118652,0.9202845096588135,405.0,
349,train,cross_entropy,0.8292555809020996,0.24068844318389893,0.7593115568161011,155.0,
350,train,cross_entropy,0.8292555809020996,0.028400838375091553,0.9715991616249084,446.0,
351,train,cross_entropy,0.8292555809020996,0.07430750131607056,0.9256924986839294,153.0,
352,train,cross_entropy,0.8821119070053101,0.15893876552581787,0.8410612344741821,98.0,
353,train,cross_entropy,0.8821119070053101,0.05834239721298218,0.9416576027870178,440.0,
354,train,cross_entropy,0.8821119070053101,0.33322376012802124,0.6667762398719788,649.0,
355,train,cross_entropy,0.8821119070053101,0.11643558740615845,0.8835644125938416,290.0,
356,train,cross_entropy,0.8821119070053101,0.11180758476257324,0.8881924152374268,772.0,
357,train,cross_entropy,0.8821119070053101,0.657025933265686,0.34297406673431396,691.0,
358,train,cross_entropy,0.8821119070053101,0.18397808074951172,0.8160219192504883,773.0,
359,train,cross_entropy,0.8821119070053101,0.03400951623916626,0.9659904837608337,710.0,
360,train,cross_entropy,0.8821119070053101,0.536288321018219,0.463711678981781,245.0,
361,train,cross_entropy,0.8821119070053101,0.10540831089019775,0.8945916891098022,471.0,
362,train,cross_entropy,0.8821119070053101,0.04728800058364868,0.9527119994163513,48.0,
363,train,cross_entropy,0.8821119070053101,0.1168714165687561,0.8831285834312439,340.0,
364,train,cross_entropy,0.8821119070053101,0.05565005540847778,0.9443499445915222,8.0,
365,train,cross_entropy,0.8821119070053101,0.07878834009170532,0.9212116599082947,543.0,
366,train,cross_entropy,0.8821119070053101,0.08925354480743408,0.9107464551925659,477.0,
367,train,cross_entropy,0.8821119070053101,0.12570196390151978,0.8742980360984802,163.0,
368,train,cross_entropy,0.8821119070053101,0.09591621160507202,0.904083788394928,336.0,
369,train,cross_entropy,0.8821119070053101,0.0713963508605957,0.9286036491394043,202.0,
370,train,cross_entropy,0.8821119070053101,0.10918331146240234,0.8908166885375977,302.0,
371,train,cross_entropy,0.8821119070053101,0.1594153642654419,0.8405846357345581,447.0,
372,train,cross_entropy,0.8821119070053101,0.07891726493835449,0.9210827350616455,132.0,
373,train,cross_entropy,0.8821119070053101,0.1606174111366272,0.8393825888633728,645.0,
374,train,cross_entropy,0.8821119070053101,0.03688526153564453,0.9631147384643555,529.0,
375,train,cross_entropy,0.8821119070053101,0.12025660276412964,0.8797433972358704,111.0,
376,train,cross_entropy,0.8821119070053101,0.0726580023765564,0.9273419976234436,254.0,
377,train,cross_entropy,0.8821119070053101,0.06950324773788452,0.9304967522621155,675.0,
378,train,cross_entropy,0.8821119070053101,0.18146300315856934,0.8185369968414307,345.0,
379,train,cross_entropy,0.8821119070053101,0.03999674320220947,0.9600032567977905,201.0,
380,train,cross_entropy,0.8821119070053101,0.23722493648529053,0.7627750635147095,661.0,
381,train,cross_entropy,0.8821119070053101,0.06393694877624512,0.9360630512237549,685.0,
382,train,cross_entropy,0.8821119070053101,0.09964519739151001,0.90035480260849,540.0,
383,train,cross_entropy,0.8821119070053101,0.08226370811462402,0.917736291885376,99.0,
384,train,cross_entropy,0.8393853902816772,0.07043540477752686,0.9295645952224731,432.0,
385,train,cross_entropy,0.8393853902816772,0.08583074808120728,0.9141692519187927,192.0,
386,train,cross_entropy,0.8393853902816772,0.05027419328689575,0.9497258067131042,115.0,
387,train,cross_entropy,0.8393853902816772,0.20376747846603394,0.7962325215339661,573.0,
388,train,cross_entropy,0.8393853902816772,0.11369085311889648,0.8863091468811035,511.0,
389,train,cross_entropy,0.8393853902816772,0.05230027437210083,0.9476997256278992,19.0,
390,train,cross_entropy,0.8393853902816772,0.08115297555923462,0.9188470244407654,230.0,
391,train,cross_entropy,0.8393853902816772,0.2563031315803528,0.7436968684196472,262.0,
392,train,cross_entropy,0.8393853902816772,0.05545079708099365,0.9445492029190063,181.0,
393,train,cross_entropy,0.8393853902816772,0.10943484306335449,0.8905651569366455,563.0,
394,train,cross_entropy,0.8393853902816772,0.0684015154838562,0.9315984845161438,504.0,
395,train,cross_entropy,0.8393853902816772,0.06818491220474243,0.9318150877952576,105.0,
396,train,cross_entropy,0.8393853902816772,0.1376286745071411,0.8623713254928589,694.0,
397,train,cross_entropy,0.8393853902816772,0.08155816793441772,0.9184418320655823,776.0,
398,train,cross_entropy,0.8393853902816772,0.03951627016067505,0.960483729839325,677.0,
399,train,cross_entropy,0.8393853902816772,0.04989159107208252,0.9501084089279175,271.0,
400,train,cross_entropy,0.8393853902816772,0.47300469875335693,0.5269953012466431,263.0,
401,train,cross_entropy,0.8393853902816772,0.08305460214614868,0.9169453978538513,0.0,
402,train,cross_entropy,0.8393853902816772,0.0860525369644165,0.9139474630355835,619.0,
403,train,cross_entropy,0.8393853902816772,0.08811485767364502,0.911885142326355,88.0,
404,train,cross_entropy,0.8393853902816772,0.0540621280670166,0.9459378719329834,269.0,
405,train,cross_entropy,0.8393853902816772,0.08560985326766968,0.9143901467323303,348.0,
406,train,cross_entropy,0.8393853902816772,0.11640971899032593,0.8835902810096741,740.0,
407,train,cross_entropy,0.8393853902816772,0.09558790922164917,0.9044120907783508,337.0,
408,train,cross_entropy,0.8393853902816772,0.07845133543014526,0.9215486645698547,437.0,
409,train,cross_entropy,0.8393853902816772,0.10104751586914062,0.8989524841308594,569.0,
410,train,cross_entropy,0.8393853902816772,0.13650858402252197,0.863491415977478,524.0,
411,train,cross_entropy,0.8393853902816772,0.04281097650527954,0.9571890234947205,215.0,
412,train,cross_entropy,0.8393853902816772,0.30742955207824707,0.6925704479217529,352.0,
413,train,cross_entropy,0.8393853902816772,0.0622638463973999,0.9377361536026001,372.0,
414,train,cross_entropy,0.8393853902816772,0.08134013414382935,0.9186598658561707,564.0,
415,train,cross_entropy,0.8393853902816772,0.16746032238006592,0.8325396776199341,292.0,
416,train,cross_entropy,0.8783011436462402,0.10184454917907715,0.8981554508209229,234.0,
417,train,cross_entropy,0.8783011436462402,0.07836472988128662,0.9216352701187134,580.0,
418,train,cross_entropy,0.8783011436462402,0.07736760377883911,0.9226323962211609,443.0,
419,train,cross_entropy,0.8783011436462402,0.08874589204788208,0.9112541079521179,159.0,
420,train,cross_entropy,0.8783011436462402,0.1433284878730774,0.8566715121269226,549.0,
421,train,cross_entropy,0.8783011436462402,0.06626540422439575,0.9337345957756042,678.0,
422,train,cross_entropy,0.8783011436462402,0.07330590486526489,0.9266940951347351,36.0,
423,train,cross_entropy,0.8783011436462402,0.1263144612312317,0.8736855387687683,576.0,
424,train,cross_entropy,0.8783011436462402,0.05227535963058472,0.9477246403694153,574.0,
425,train,cross_entropy,0.8783011436462402,0.1119266152381897,0.8880733847618103,387.0,
426,train,cross_entropy,0.8783011436462402,0.06696093082427979,0.9330390691757202,629.0,
427,train,cross_entropy,0.8783011436462402,0.13401705026626587,0.8659829497337341,442.0,
428,train,cross_entropy,0.8783011436462402,0.11247503757476807,0.8875249624252319,237.0,
429,train,cross_entropy,0.8783011436462402,0.16199743747711182,0.8380025625228882,384.0,
430,train,cross_entropy,0.8783011436462402,0.07676941156387329,0.9232305884361267,411.0,
431,train,cross_entropy,0.8783011436462402,0.9999999403953552,5.960464477539063e-08,91.0,
432,train,cross_entropy,0.8783011436462402,0.0627439022064209,0.9372560977935791,238.0,
433,train,cross_entropy,0.8783011436462402,0.060757219791412354,0.9392427802085876,392.0,
434,train,cross_entropy,0.8783011436462402,0.07246041297912598,0.927539587020874,138.0,
435,train,cross_entropy,0.8783011436462402,0.14484041929244995,0.85515958070755,386.0,
436,train,cross_entropy,0.8783011436462402,0.044582247734069824,0.9554177522659302,658.0,
437,train,cross_entropy,0.8783011436462402,0.09261006116867065,0.9073899388313293,161.0,
438,train,cross_entropy,0.8783011436462402,0.2304137945175171,0.7695862054824829,738.0,
439,train,cross_entropy,0.8783011436462402,0.04264819622039795,0.957351803779602,191.0,
440,train,cross_entropy,0.8783011436462402,0.0642595887184143,0.9357404112815857,607.0,
441,train,cross_entropy,0.8783011436462402,0.13001465797424316,0.8699853420257568,108.0,
442,train,cross_entropy,0.8783011436462402,0.06666761636734009,0.9333323836326599,542.0,
443,train,cross_entropy,0.8783011436462402,0.10423994064331055,0.8957600593566895,456.0,
444,train,cross_entropy,0.8783011436462402,0.08480066061019897,0.915199339389801,621.0,
445,train,cross_entropy,0.8783011436462402,0.3043631911277771,0.6956368088722229,683.0,
446,train,cross_entropy,0.8783011436462402,0.07758629322052002,0.92241370677948,449.0,
447,train,cross_entropy,0.8783011436462402,0.1422225832939148,0.8577774167060852,634.0,
448,train,cross_entropy,0.8517513275146484,0.059425175189971924,0.9405748248100281,427.0,
449,train,cross_entropy,0.8517513275146484,0.37904566526412964,0.6209543347358704,327.0,
450,train,cross_entropy,0.8517513275146484,0.05657923221588135,0.9434207677841187,15.0,
451,train,cross_entropy,0.8517513275146484,0.16952955722808838,0.8304704427719116,793.0,
452,train,cross_entropy,0.8517513275146484,0.03988230228424072,0.9601176977157593,53.0,
453,train,cross_entropy,0.8517513275146484,0.04661077260971069,0.9533892273902893,626.0,
454,train,cross_entropy,0.8517513275146484,0.12236815690994263,0.8776318430900574,660.0,
455,train,cross_entropy,0.8517513275146484,0.05058020353317261,0.9494197964668274,101.0,
456,train,cross_entropy,0.8517513275146484,0.10266411304473877,0.8973358869552612,583.0,
457,train,cross_entropy,0.8517513275146484,0.1555647850036621,0.8444352149963379,739.0,
458,train,cross_entropy,0.8517513275146484,0.126814067363739,0.873185932636261,751.0,
459,train,cross_entropy,0.8517513275146484,0.44060027599334717,0.5593997240066528,162.0,
460,train,cross_entropy,0.8517513275146484,0.17819923162460327,0.8218007683753967,704.0,
461,train,cross_entropy,0.8517513275146484,0.09734088182449341,0.9026591181755066,121.0,
462,train,cross_entropy,0.8517513275146484,0.09340459108352661,0.9065954089164734,414.0,
463,train,cross_entropy,0.8517513275146484,0.037453532218933105,0.9625464677810669,321.0,
464,train,cross_entropy,0.8517513275146484,0.11889702081680298,0.881102979183197,428.0,
465,train,cross_entropy,0.8517513275146484,0.03164410591125488,0.9683558940887451,537.0,
466,train,cross_entropy,0.8517513275146484,0.0423583984375,0.9576416015625,479.0,
467,train,cross_entropy,0.8517513275146484,0.11338138580322266,0.8866186141967773,778.0,
468,train,cross_entropy,0.8517513275146484,0.04960274696350098,0.950397253036499,206.0,
469,train,cross_entropy,0.8517513275146484,0.06662732362747192,0.9333726763725281,77.0,
470,train,cross_entropy,0.8517513275146484,0.07204616069793701,0.927953839302063,513.0,
471,train,cross_entropy,0.8517513275146484,0.06921273469924927,0.9307872653007507,686.0,
472,train,cross_entropy,0.8517513275146484,0.07978373765945435,0.9202162623405457,205.0,
473,train,cross_entropy,0.8517513275146484,0.08476197719573975,0.9152380228042603,390.0,
474,train,cross_entropy,0.8517513275146484,0.11521679162979126,0.8847832083702087,747.0,
475,train,cross_entropy,0.8517513275146484,0.03569275140762329,0.9643072485923767,185.0,
476,train,cross_entropy,0.8517513275146484,0.1622428297996521,0.8377571702003479,288.0,
477,train,cross_entropy,0.8517513275146484,0.09320127964019775,0.9067987203598022,466.0,
478,train,cross_entropy,0.8517513275146484,0.4315025806427002,0.5684974193572998,149.0,
479,train,cross_entropy,0.8517513275146484,0.04571908712387085,0.9542809128761292,402.0,
480,train,cross_entropy,0.8425369262695312,0.09232485294342041,0.9076751470565796,156.0,
481,train,cross_entropy,0.8425369262695312,0.36827409267425537,0.6317259073257446,334.0,
482,train,cross_entropy,0.8425369262695312,0.08659225702285767,0.9134077429771423,228.0,
483,train,cross_entropy,0.8425369262695312,0.138519287109375,0.861480712890625,438.0,
484,train,cross_entropy,0.8425369262695312,0.10462838411331177,0.8953716158866882,93.0,
485,train,cross_entropy,0.8425369262695312,0.08429157733917236,0.9157084226608276,679.0,
486,train,cross_entropy,0.8425369262695312,0.2753959894180298,0.7246040105819702,488.0,
487,train,cross_entropy,0.8425369262695312,0.06315135955810547,0.9368486404418945,784.0,
488,train,cross_entropy,0.8425369262695312,0.14065653085708618,0.8593434691429138,530.0,
489,train,cross_entropy,0.8425369262695312,0.3691164255142212,0.6308835744857788,758.0,
490,train,cross_entropy,0.8425369262695312,0.1257597804069519,0.8742402195930481,796.0,
491,train,cross_entropy,0.8425369262695312,0.08789968490600586,0.9121003150939941,668.0,
492,train,cross_entropy,0.8425369262695312,0.1510918140411377,0.8489081859588623,272.0,
493,train,cross_entropy,0.8425369262695312,0.04039621353149414,0.9596037864685059,514.0,
494,train,cross_entropy,0.8425369262695312,0.06556135416030884,0.9344386458396912,623.0,
495,train,cross_entropy,0.8425369262695312,0.07718443870544434,0.9228155612945557,791.0,
496,train,cross_entropy,0.8425369262695312,0.13963454961776733,0.8603654503822327,499.0,
497,train,cross_entropy,0.8425369262695312,0.16286927461624146,0.8371307253837585,329.0,
498,train,cross_entropy,0.8425369262695312,0.12128162384033203,0.878718376159668,418.0,
499,train,cross_entropy,0.8425369262695312,0.08187252283096313,0.9181274771690369,30.0,
500,train,cross_entropy,0.8425369262695312,0.3044578433036804,0.6955421566963196,219.0,
501,train,cross_entropy,0.8425369262695312,0.07999873161315918,0.9200012683868408,474.0,
502,train,cross_entropy,0.8425369262695312,0.04964101314544678,0.9503589868545532,314.0,
503,train,cross_entropy,0.8425369262695312,0.03288578987121582,0.9671142101287842,699.0,
504,train,cross_entropy,0.8425369262695312,0.08734560012817383,0.9126543998718262,585.0,
505,train,cross_entropy,0.8425369262695312,0.14571702480316162,0.8542829751968384,68.0,
506,train,cross_entropy,0.8425369262695312,0.22840774059295654,0.7715922594070435,484.0,
507,train,cross_entropy,0.8425369262695312,0.11108428239822388,0.8889157176017761,62.0,
508,train,cross_entropy,0.8425369262695312,0.045648157596588135,0.9543518424034119,515.0,
509,train,cross_entropy,0.8425369262695312,0.12152820825576782,0.8784717917442322,122.0,
510,train,cross_entropy,0.8425369262695312,0.1672024130821228,0.8327975869178772,690.0,
511,train,cross_entropy,0.8425369262695312,0.15526574850082397,0.844734251499176,296.0,
512,train,cross_entropy,0.8760980367660522,0.3086239695549011,0.6913760304450989,282.0,
513,train,cross_entropy,0.8760980367660522,0.20769745111465454,0.7923025488853455,582.0,
514,train,cross_entropy,0.8760980367660522,0.14974510669708252,0.8502548933029175,301.0,
515,train,cross_entropy,0.8760980367660522,0.06551617383956909,0.9344838261604309,193.0,
516,train,cross_entropy,0.8760980367660522,0.16470599174499512,0.8352940082550049,177.0,
517,train,cross_entropy,0.8760980367660522,0.02763056755065918,0.9723694324493408,657.0,
518,train,cross_entropy,0.8760980367660522,0.0779728889465332,0.9220271110534668,425.0,
519,train,cross_entropy,0.8760980367660522,0.06551247835159302,0.934487521648407,172.0,
520,train,cross_entropy,0.8760980367660522,0.09842085838317871,0.9015791416168213,757.0,
521,train,cross_entropy,0.8760980367660522,0.04063528776168823,0.9593647122383118,672.0,
522,train,cross_entropy,0.8760980367660522,0.11687403917312622,0.8831259608268738,674.0,
523,train,cross_entropy,0.8760980367660522,0.06171846389770508,0.9382815361022949,718.0,
524,train,cross_entropy,0.8760980367660522,0.0785786509513855,0.9214213490486145,278.0,
525,train,cross_entropy,0.8760980367660522,0.03963726758956909,0.9603627324104309,346.0,
526,train,cross_entropy,0.8760980367660522,0.4062001705169678,0.5937998294830322,333.0,
527,train,cross_entropy,0.8760980367660522,0.06474959850311279,0.9352504014968872,727.0,
528,train,cross_entropy,0.8760980367660522,0.19187510013580322,0.8081248998641968,663.0,
529,train,cross_entropy,0.8760980367660522,0.053725242614746094,0.9462747573852539,728.0,
530,train,cross_entropy,0.8760980367660522,0.04423803091049194,0.9557619690895081,207.0,
531,train,cross_entropy,0.8760980367660522,0.11388802528381348,0.8861119747161865,120.0,
532,train,cross_entropy,0.8760980367660522,0.07559984922409058,0.9244001507759094,208.0,
533,train,cross_entropy,0.8760980367660522,0.06991475820541382,0.9300852417945862,551.0,
534,train,cross_entropy,0.8760980367660522,0.14825069904327393,0.8517493009567261,239.0,
535,train,cross_entropy,0.8760980367660522,0.03892296552658081,0.9610770344734192,579.0,
536,train,cross_entropy,0.8760980367660522,0.10071063041687012,0.8992893695831299,211.0,
537,train,cross_entropy,0.8760980367660522,0.14438968896865845,0.8556103110313416,641.0,
538,train,cross_entropy,0.8760980367660522,0.10449683666229248,0.8955031633377075,637.0,
539,train,cross_entropy,0.8760980367660522,0.05118393898010254,0.9488160610198975,12.0,
540,train,cross_entropy,0.8760980367660522,0.08520114421844482,0.9147988557815552,189.0,
541,train,cross_entropy,0.8760980367660522,0.05076533555984497,0.949234664440155,688.0,
542,train,cross_entropy,0.8760980367660522,0.06527715921401978,0.9347228407859802,732.0,
543,train,cross_entropy,0.8760980367660522,0.0991622805595398,0.9008377194404602,143.0,
544,train,cross_entropy,0.836747407913208,0.20525109767913818,0.7947489023208618,546.0,
545,train,cross_entropy,0.836747407913208,0.04220002889633179,0.9577999711036682,199.0,
546,train,cross_entropy,0.836747407913208,0.08776748180389404,0.912232518196106,275.0,
547,train,cross_entropy,0.836747407913208,0.2065923810005188,0.7934076189994812,339.0,
548,train,cross_entropy,0.836747407913208,0.04511195421218872,0.9548880457878113,522.0,
549,train,cross_entropy,0.836747407913208,0.0751577615737915,0.9248422384262085,535.0,
550,train,cross_entropy,0.836747407913208,0.16994506120681763,0.8300549387931824,521.0,
551,train,cross_entropy,0.836747407913208,0.05356341600418091,0.9464365839958191,697.0,
552,train,cross_entropy,0.836747407913208,0.08162027597427368,0.9183797240257263,165.0,
553,train,cross_entropy,0.836747407913208,0.18809562921524048,0.8119043707847595,505.0,
554,train,cross_entropy,0.836747407913208,0.07577550411224365,0.9242244958877563,767.0,
555,train,cross_entropy,0.836747407913208,0.04520106315612793,0.9547989368438721,568.0,
556,train,cross_entropy,0.836747407913208,0.05372649431228638,0.9462735056877136,475.0,
557,train,cross_entropy,0.836747407913208,0.08676254749298096,0.913237452507019,632.0,
558,train,cross_entropy,0.836747407913208,0.043543219566345215,0.9564567804336548,676.0,
559,train,cross_entropy,0.836747407913208,0.08154016733169556,0.9184598326683044,374.0,
560,train,cross_entropy,0.836747407913208,1.0,0.0,107.0,
561,train,cross_entropy,0.836747407913208,0.066597580909729,0.933402419090271,204.0,
562,train,cross_entropy,0.836747407913208,0.054596006870269775,0.9454039931297302,599.0,
563,train,cross_entropy,0.836747407913208,0.10982227325439453,0.8901777267456055,768.0,
564,train,cross_entropy,0.836747407913208,0.11381560564041138,0.8861843943595886,75.0,
565,train,cross_entropy,0.836747407913208,0.09418803453445435,0.9058119654655457,518.0,
566,train,cross_entropy,0.836747407913208,0.08495676517486572,0.9150432348251343,624.0,
567,train,cross_entropy,0.836747407913208,0.10006064176559448,0.8999393582344055,1.0,
568,train,cross_entropy,0.836747407913208,0.08265995979309082,0.9173400402069092,144.0,
569,train,cross_entropy,0.836747407913208,0.03004080057144165,0.9699591994285583,248.0,
570,train,cross_entropy,0.836747407913208,0.23003774881362915,0.7699622511863708,29.0,
571,train,cross_entropy,0.836747407913208,0.18142390251159668,0.8185760974884033,625.0,
572,train,cross_entropy,0.836747407913208,0.0536956787109375,0.9463043212890625,528.0,
573,train,cross_entropy,0.836747407913208,0.058285653591156006,0.941714346408844,92.0,
574,train,cross_entropy,0.836747407913208,0.10717296600341797,0.892827033996582,789.0,
575,train,cross_entropy,0.836747407913208,0.12761104106903076,0.8723889589309692,561.0,
576,train,cross_entropy,0.8577486276626587,0.09757286310195923,0.9024271368980408,214.0,
577,train,cross_entropy,0.8577486276626587,0.05801510810852051,0.9419848918914795,781.0,
578,train,cross_entropy,0.8577486276626587,0.19995272159576416,0.8000472784042358,309.0,
579,train,cross_entropy,0.8577486276626587,0.08082640171051025,0.9191735982894897,145.0,
580,train,cross_entropy,0.8577486276626587,0.03722405433654785,0.9627759456634521,281.0,
581,train,cross_entropy,0.8577486276626587,0.046327173709869385,0.9536728262901306,80.0,
582,train,cross_entropy,0.8577486276626587,0.4483267068862915,0.5516732931137085,166.0,
583,train,cross_entropy,0.8577486276626587,0.23452317714691162,0.7654768228530884,642.0,
584,train,cross_entropy,0.8577486276626587,0.14974188804626465,0.8502581119537354,46.0,
585,train,cross_entropy,0.8577486276626587,0.2488986849784851,0.7511013150215149,790.0,
586,train,cross_entropy,0.8577486276626587,0.05907928943634033,0.9409207105636597,361.0,
587,train,cross_entropy,0.8577486276626587,0.05979752540588379,0.9402024745941162,539.0,
588,train,cross_entropy,0.8577486276626587,0.06530869007110596,0.934691309928894,65.0,
589,train,cross_entropy,0.8577486276626587,0.06064558029174805,0.939354419708252,341.0,
590,train,cross_entropy,0.8577486276626587,0.08522003889083862,0.9147799611091614,280.0,
591,train,cross_entropy,0.8577486276626587,0.06068742275238037,0.9393125772476196,707.0,
592,train,cross_entropy,0.8577486276626587,0.05068051815032959,0.9493194818496704,16.0,
593,train,cross_entropy,0.8577486276626587,0.06601321697235107,0.9339867830276489,362.0,
594,train,cross_entropy,0.8577486276626587,0.07382386922836304,0.926176130771637,13.0,
595,train,cross_entropy,0.8577486276626587,0.2238118052482605,0.7761881947517395,358.0,
596,train,cross_entropy,0.8577486276626587,0.2600967288017273,0.7399032711982727,37.0,
597,train,cross_entropy,0.8577486276626587,0.1716400384902954,0.8283599615097046,194.0,
598,train,cross_entropy,0.8577486276626587,0.12012511491775513,0.8798748850822449,652.0,
599,train,cross_entropy,0.8577486276626587,0.15580493211746216,0.8441950678825378,465.0,
600,train,cross_entropy,0.8577486276626587,0.04494291543960571,0.9550570845603943,709.0,
601,train,cross_entropy,0.8577486276626587,0.15032845735549927,0.8496715426445007,553.0,
602,train,cross_entropy,0.8577486276626587,0.04175686836242676,0.9582431316375732,112.0,
603,train,cross_entropy,0.8577486276626587,0.10466939210891724,0.8953306078910828,283.0,
604,train,cross_entropy,0.8577486276626587,0.15387940406799316,0.8461205959320068,232.0,
605,train,cross_entropy,0.8577486276626587,0.06976652145385742,0.9302334785461426,23.0,
606,train,cross_entropy,0.8577486276626587,0.06733781099319458,0.9326621890068054,235.0,
607,train,cross_entropy,0.8577486276626587,0.04773068428039551,0.9522693157196045,673.0,
608,train,cross_entropy,0.8678252696990967,0.5296463966369629,0.4703536033630371,693.0,
609,train,cross_entropy,0.8678252696990967,0.1383589506149292,0.8616410493850708,794.0,
610,train,cross_entropy,0.8678252696990967,0.0510445237159729,0.9489554762840271,66.0,
611,train,cross_entropy,0.8678252696990967,0.08986049890518188,0.9101395010948181,578.0,
612,train,cross_entropy,0.8678252696990967,0.08612328767776489,0.9138767123222351,246.0,
613,train,cross_entropy,0.8678252696990967,0.14808619022369385,0.8519138097763062,527.0,
614,train,cross_entropy,0.8678252696990967,0.05035603046417236,0.9496439695358276,27.0,
615,train,cross_entropy,0.8678252696990967,0.18333697319030762,0.8166630268096924,712.0,
616,train,cross_entropy,0.8678252696990967,0.059097886085510254,0.9409021139144897,631.0,
617,train,cross_entropy,0.8678252696990967,0.2770500183105469,0.7229499816894531,436.0,
618,train,cross_entropy,0.8678252696990967,0.07286620140075684,0.9271337985992432,656.0,
619,train,cross_entropy,0.8678252696990967,0.5877101421356201,0.4122898578643799,445.0,
620,train,cross_entropy,0.8678252696990967,0.05232483148574829,0.9476751685142517,218.0,
621,train,cross_entropy,0.8678252696990967,0.10903537273406982,0.8909646272659302,127.0,
622,train,cross_entropy,0.8678252696990967,0.05194234848022461,0.9480576515197754,669.0,
623,train,cross_entropy,0.8678252696990967,0.0737602710723877,0.9262397289276123,787.0,
624,train,cross_entropy,0.8678252696990967,0.09072291851043701,0.909277081489563,508.0,
625,train,cross_entropy,0.8678252696990967,0.04202848672866821,0.9579715132713318,371.0,
626,train,cross_entropy,0.8678252696990967,0.2489221692085266,0.7510778307914734,38.0,
627,train,cross_entropy,0.8678252696990967,0.09423834085464478,0.9057616591453552,40.0,
628,train,cross_entropy,0.8678252696990967,0.07710450887680054,0.9228954911231995,655.0,
629,train,cross_entropy,0.8678252696990967,0.06420028209686279,0.9357997179031372,353.0,
630,train,cross_entropy,0.8678252696990967,0.10519742965698242,0.8948025703430176,650.0,
631,train,cross_entropy,0.8678252696990967,0.07651734352111816,0.9234826564788818,481.0,
632,train,cross_entropy,0.8678252696990967,0.10327321290969849,0.8967267870903015,581.0,
633,train,cross_entropy,0.8678252696990967,0.07326996326446533,0.9267300367355347,654.0,
634,train,cross_entropy,0.8678252696990967,0.034249305725097656,0.9657506942749023,434.0,
635,train,cross_entropy,0.8678252696990967,0.0979546308517456,0.9020453691482544,562.0,
636,train,cross_entropy,0.8678252696990967,0.1893431544303894,0.8106568455696106,737.0,
637,train,cross_entropy,0.8678252696990967,0.5691626071929932,0.43083739280700684,547.0,
638,train,cross_entropy,0.8678252696990967,0.06627887487411499,0.933721125125885,33.0,
639,train,cross_entropy,0.8678252696990967,0.24005800485610962,0.7599419951438904,212.0,
640,train,cross_entropy,0.8523787260055542,0.054933249950408936,0.9450667500495911,4.0,
641,train,cross_entropy,0.8523787260055542,0.126848042011261,0.873151957988739,473.0,
642,train,cross_entropy,0.8523787260055542,0.42520034313201904,0.574799656867981,575.0,
643,train,cross_entropy,0.8523787260055542,0.05949258804321289,0.9405074119567871,602.0,
644,train,cross_entropy,0.8523787260055542,0.0664682388305664,0.9335317611694336,617.0,
645,train,cross_entropy,0.8523787260055542,0.06709814071655273,0.9329018592834473,775.0,
646,train,cross_entropy,0.8523787260055542,0.9999999403953552,5.960464477539063e-08,680.0,
647,train,cross_entropy,0.8523787260055542,0.1625993251800537,0.8374006748199463,171.0,
648,train,cross_entropy,0.8523787260055542,0.7239663600921631,0.2760336399078369,347.0,
649,train,cross_entropy,0.8523787260055542,0.06993234157562256,0.9300676584243774,665.0,
650,train,cross_entropy,0.8523787260055542,0.04980576038360596,0.950194239616394,512.0,
651,train,cross_entropy,0.8523787260055542,0.08272945880889893,0.9172705411911011,722.0,
652,train,cross_entropy,0.8523787260055542,0.15063124895095825,0.8493687510490417,24.0,
653,train,cross_entropy,0.8523787260055542,0.17291158437728882,0.8270884156227112,137.0,
654,train,cross_entropy,0.8523787260055542,0.16465938091278076,0.8353406190872192,454.0,
655,train,cross_entropy,0.8523787260055542,0.07536435127258301,0.924635648727417,592.0,
656,train,cross_entropy,0.8523787260055542,0.1648532748222351,0.8351467251777649,85.0,
657,train,cross_entropy,0.8523787260055542,0.1422021985054016,0.8577978014945984,28.0,
658,train,cross_entropy,0.8523787260055542,0.0948973298072815,0.9051026701927185,714.0,
659,train,cross_entropy,0.8523787260055542,0.060343384742736816,0.9396566152572632,197.0,
660,train,cross_entropy,0.8523787260055542,0.03555798530578613,0.9644420146942139,382.0,
661,train,cross_entropy,0.8523787260055542,0.06094861030578613,0.9390513896942139,126.0,
662,train,cross_entropy,0.8523787260055542,0.203510582447052,0.796489417552948,389.0,
663,train,cross_entropy,0.8523787260055542,0.06374502182006836,0.9362549781799316,221.0,
664,train,cross_entropy,0.8523787260055542,0.08789914846420288,0.9121008515357971,532.0,
665,train,cross_entropy,0.8523787260055542,0.06011110544204712,0.9398888945579529,726.0,
666,train,cross_entropy,0.8523787260055542,0.09954094886779785,0.9004590511322021,359.0,
667,train,cross_entropy,0.8523787260055542,0.12652099132537842,0.8734790086746216,558.0,
668,train,cross_entropy,0.8523787260055542,0.14450085163116455,0.8554991483688354,662.0,
669,train,cross_entropy,0.8523787260055542,0.10562241077423096,0.894377589225769,231.0,
670,train,cross_entropy,0.8523787260055542,0.18426048755645752,0.8157395124435425,305.0,
671,train,cross_entropy,0.8523787260055542,0.06902438402175903,0.930975615978241,502.0,
672,train,cross_entropy,0.8571363687515259,0.08357840776443481,0.9164215922355652,708.0,
673,train,cross_entropy,0.8571363687515259,0.11365377902984619,0.8863462209701538,412.0,
674,train,cross_entropy,0.8571363687515259,0.06020253896713257,0.9397974610328674,460.0,
675,train,cross_entropy,0.8571363687515259,0.1627025008201599,0.8372974991798401,486.0,
676,train,cross_entropy,0.8571363687515259,0.06776881217956543,0.9322311878204346,316.0,
677,train,cross_entropy,0.8571363687515259,0.08723783493041992,0.9127621650695801,295.0,
678,train,cross_entropy,0.8571363687515259,0.08178567886352539,0.9182143211364746,586.0,
679,train,cross_entropy,0.8571363687515259,0.051568686962127686,0.9484313130378723,753.0,
680,train,cross_entropy,0.8571363687515259,0.03880578279495239,0.9611942172050476,176.0,
681,train,cross_entropy,0.8571363687515259,0.13182592391967773,0.8681740760803223,106.0,
682,train,cross_entropy,0.8571363687515259,1.0,0.0,799.0,
683,train,cross_entropy,0.8571363687515259,0.10422259569168091,0.8957774043083191,648.0,
684,train,cross_entropy,0.8571363687515259,0.07846510410308838,0.9215348958969116,566.0,
685,train,cross_entropy,0.8571363687515259,0.34320855140686035,0.6567914485931396,320.0,
686,train,cross_entropy,0.8571363687515259,0.04351252317428589,0.9564874768257141,393.0,
687,train,cross_entropy,0.8571363687515259,0.10886842012405396,0.891131579875946,366.0,
688,train,cross_entropy,0.8571363687515259,0.6677044630050659,0.3322955369949341,383.0,
689,train,cross_entropy,0.8571363687515259,0.9323264360427856,0.06767356395721436,534.0,
690,train,cross_entropy,0.8571363687515259,0.0934828519821167,0.9065171480178833,450.0,
691,train,cross_entropy,0.8571363687515259,0.3051450252532959,0.6948549747467041,373.0,
692,train,cross_entropy,0.8571363687515259,0.05720418691635132,0.9427958130836487,647.0,
693,train,cross_entropy,0.8571363687515259,0.07740235328674316,0.9225976467132568,426.0,
694,train,cross_entropy,0.8571363687515259,0.0542183518409729,0.9457816481590271,318.0,
695,train,cross_entropy,0.8571363687515259,0.17627733945846558,0.8237226605415344,148.0,
696,train,cross_entropy,0.8571363687515259,0.09504818916320801,0.904951810836792,749.0,
697,train,cross_entropy,0.8571363687515259,0.11613017320632935,0.8838698267936707,252.0,
698,train,cross_entropy,0.8571363687515259,0.4861682057380676,0.5138317942619324,630.0,
699,train,cross_entropy,0.8571363687515259,0.2769560217857361,0.7230439782142639,17.0,
700,train,cross_entropy,0.8571363687515259,0.9339564442634583,0.06604355573654175,422.0,
701,train,cross_entropy,0.8571363687515259,0.060445427894592285,0.9395545721054077,671.0,
702,train,cross_entropy,0.8571363687515259,0.028592228889465332,0.9714077711105347,497.0,
703,train,cross_entropy,0.8571363687515259,0.05786865949630737,0.9421313405036926,689.0,
704,train,cross_entropy,0.8706169128417969,0.2775114178657532,0.7224885821342468,451.0,
705,train,cross_entropy,0.8706169128417969,0.17053300142288208,0.8294669985771179,322.0,
706,train,cross_entropy,0.8706169128417969,0.1357291340827942,0.8642708659172058,364.0,
707,train,cross_entropy,0.8706169128417969,0.11406642198562622,0.8859335780143738,131.0,
708,train,cross_entropy,0.8706169128417969,0.03987008333206177,0.9601299166679382,638.0,
709,train,cross_entropy,0.8706169128417969,0.07037633657455444,0.9296236634254456,417.0,
710,train,cross_entropy,0.8706169128417969,0.2474879026412964,0.7525120973587036,769.0,
711,train,cross_entropy,0.8706169128417969,0.14742887020111084,0.8525711297988892,32.0,
712,train,cross_entropy,0.8706169128417969,0.3606336712837219,0.6393663287162781,519.0,
713,train,cross_entropy,0.8706169128417969,0.06731736660003662,0.9326826333999634,376.0,
714,train,cross_entropy,0.8706169128417969,0.13399142026901245,0.8660085797309875,590.0,
715,train,cross_entropy,0.8706169128417969,0.043584465980529785,0.9564155340194702,369.0,
716,train,cross_entropy,0.8706169128417969,0.07656675577163696,0.923433244228363,224.0,
717,train,cross_entropy,0.8706169128417969,0.035168349742889404,0.9648316502571106,140.0,
718,train,cross_entropy,0.8706169128417969,0.16782349348068237,0.8321765065193176,35.0,
719,train,cross_entropy,0.8706169128417969,0.6657627820968628,0.3342372179031372,797.0,
720,train,cross_entropy,0.8706169128417969,0.07678025960922241,0.9232197403907776,268.0,
721,train,cross_entropy,0.8706169128417969,0.09315824508666992,0.9068417549133301,377.0,
722,train,cross_entropy,0.8706169128417969,0.08833956718444824,0.9116604328155518,531.0,
723,train,cross_entropy,0.8706169128417969,0.18728148937225342,0.8127185106277466,284.0,
724,train,cross_entropy,0.8706169128417969,0.12805920839309692,0.8719407916069031,117.0,
725,train,cross_entropy,0.8706169128417969,0.08088499307632446,0.9191150069236755,304.0,
726,train,cross_entropy,0.8706169128417969,0.14107489585876465,0.8589251041412354,494.0,
727,train,cross_entropy,0.8706169128417969,0.24477803707122803,0.755221962928772,49.0,
728,train,cross_entropy,0.8706169128417969,0.05645376443862915,0.9435462355613708,342.0,
729,train,cross_entropy,0.8706169128417969,0.9999999403953552,5.960464477539063e-08,401.0,
730,train,cross_entropy,0.8706169128417969,0.12483304738998413,0.8751669526100159,452.0,
731,train,cross_entropy,0.8706169128417969,0.05921530723571777,0.9407846927642822,713.0,
732,train,cross_entropy,0.8706169128417969,0.05562108755111694,0.9443789124488831,135.0,
733,train,cross_entropy,0.8706169128417969,0.09149092435836792,0.9085090756416321,409.0,
734,train,cross_entropy,0.8706169128417969,0.5398303866386414,0.46016961336135864,635.0,
735,train,cross_entropy,0.8706169128417969,0.059197187423706055,0.940802812576294,701.0,
736,train,cross_entropy,0.877942681312561,0.06523501873016357,0.9347649812698364,644.0,
737,train,cross_entropy,0.877942681312561,0.062131285667419434,0.9378687143325806,129.0,
738,train,cross_entropy,0.877942681312561,0.6119037866592407,0.3880962133407593,598.0,
739,train,cross_entropy,0.877942681312561,0.1279316544532776,0.8720683455467224,780.0,
740,train,cross_entropy,0.877942681312561,0.3285987973213196,0.6714012026786804,73.0,
741,train,cross_entropy,0.877942681312561,0.03235834836959839,0.9676416516304016,7.0,
742,train,cross_entropy,0.877942681312561,0.06505221128463745,0.9349477887153625,483.0,
743,train,cross_entropy,0.877942681312561,0.28490573167800903,0.715094268321991,441.0,
744,train,cross_entropy,0.877942681312561,0.09912222623825073,0.9008777737617493,565.0,
745,train,cross_entropy,0.877942681312561,0.03372812271118164,0.9662718772888184,430.0,
746,train,cross_entropy,0.877942681312561,0.06951820850372314,0.9304817914962769,87.0,
747,train,cross_entropy,0.877942681312561,0.035065650939941406,0.9649343490600586,266.0,
748,train,cross_entropy,0.877942681312561,0.07211971282958984,0.9278802871704102,700.0,
749,train,cross_entropy,0.877942681312561,0.09729278087615967,0.9027072191238403,154.0,
750,train,cross_entropy,0.877942681312561,0.03127247095108032,0.9687275290489197,433.0,
751,train,cross_entropy,0.877942681312561,0.0664377212524414,0.9335622787475586,560.0,
752,train,cross_entropy,0.877942681312561,0.0738566517829895,0.9261433482170105,779.0,
753,train,cross_entropy,0.877942681312561,0.11733734607696533,0.8826626539230347,729.0,
754,train,cross_entropy,0.877942681312561,0.07175368070602417,0.9282463192939758,399.0,
755,train,cross_entropy,0.877942681312561,0.11492085456848145,0.8850791454315186,612.0,
756,train,cross_entropy,0.877942681312561,0.11108940839767456,0.8889105916023254,620.0,
757,train,cross_entropy,0.877942681312561,0.06861996650695801,0.931380033493042,139.0,
758,train,cross_entropy,0.877942681312561,0.11320024728775024,0.8867997527122498,227.0,
759,train,cross_entropy,0.877942681312561,0.053779542446136475,0.9462204575538635,622.0,
760,train,cross_entropy,0.877942681312561,0.31636685132980347,0.6836331486701965,545.0,
761,train,cross_entropy,0.877942681312561,0.07914304733276367,0.9208569526672363,478.0,
762,train,cross_entropy,0.877942681312561,0.1096881628036499,0.8903118371963501,152.0,
763,train,cross_entropy,0.877942681312561,0.6312024593353271,0.36879754066467285,300.0,
764,train,cross_entropy,0.877942681312561,0.05682528018951416,0.9431747198104858,31.0,
765,train,cross_entropy,0.877942681312561,0.058975934982299805,0.9410240650177002,67.0,
766,train,cross_entropy,0.877942681312561,0.4363441467285156,0.5636558532714844,715.0,
767,train,cross_entropy,0.877942681312561,0.14495623111724854,0.8550437688827515,467.0,
768,train,cross_entropy,0.8671131134033203,0.15420424938201904,0.845795750617981,251.0,
769,train,cross_entropy,0.8671131134033203,0.08813083171844482,0.9118691682815552,421.0,
770,train,cross_entropy,0.8671131134033203,0.15857833623886108,0.8414216637611389,407.0,
771,train,cross_entropy,0.8671131134033203,0.06053084135055542,0.9394691586494446,43.0,
772,train,cross_entropy,0.8671131134033203,0.20151060819625854,0.7984893918037415,196.0,
773,train,cross_entropy,0.8671131134033203,0.12856751680374146,0.8714324831962585,609.0,
774,train,cross_entropy,0.8671131134033203,0.1316092610359192,0.8683907389640808,798.0,
775,train,cross_entropy,0.8671131134033203,0.11348199844360352,0.8865180015563965,146.0,
776,train,cross_entropy,0.8671131134033203,0.1292913556098938,0.8707086443901062,470.0,
777,train,cross_entropy,0.8671131134033203,0.2300969958305359,0.7699030041694641,260.0,
778,train,cross_entropy,0.8671131134033203,0.048749685287475586,0.9512503147125244,323.0,
779,train,cross_entropy,0.8671131134033203,0.14549583196640015,0.8545041680335999,184.0,
780,train,cross_entropy,0.8671131134033203,0.2304813265800476,0.7695186734199524,187.0,
781,train,cross_entropy,0.8671131134033203,0.3154821991920471,0.6845178008079529,501.0,
782,train,cross_entropy,0.8671131134033203,0.08101177215576172,0.9189882278442383,526.0,
783,train,cross_entropy,0.8671131134033203,0.07773590087890625,0.9222640991210938,257.0,
784,train,cross_entropy,0.8671131134033203,0.6881005167961121,0.31189948320388794,605.0,
785,train,cross_entropy,0.8671131134033203,0.13980674743652344,0.8601932525634766,63.0,
786,train,cross_entropy,0.8671131134033203,0.24799329042434692,0.7520067095756531,368.0,
787,train,cross_entropy,0.8671131134033203,0.047158002853393555,0.9528419971466064,550.0,
788,train,cross_entropy,0.8671131134033203,0.1671520471572876,0.8328479528427124,14.0,
789,train,cross_entropy,0.8671131134033203,0.0725102424621582,0.9274897575378418,783.0,
790,train,cross_entropy,0.8671131134033203,0.29600393772125244,0.7039960622787476,190.0,
791,train,cross_entropy,0.8671131134033203,0.07322883605957031,0.9267711639404297,498.0,
792,train,cross_entropy,0.8671131134033203,0.08505171537399292,0.9149482846260071,328.0,
793,train,cross_entropy,0.8671131134033203,0.052282750606536865,0.9477172493934631,113.0,
794,train,cross_entropy,0.8671131134033203,0.10612386465072632,0.8938761353492737,261.0,
795,train,cross_entropy,0.8671131134033203,0.5267153978347778,0.47328460216522217,643.0,
796,train,cross_entropy,0.8671131134033203,0.27239781618118286,0.7276021838188171,786.0,
797,train,cross_entropy,0.8671131134033203,0.10305708646774292,0.8969429135322571,380.0,
798,train,cross_entropy,0.8671131134033203,0.1508697271347046,0.8491302728652954,136.0,
799,train,cross_entropy,0.8671131134033203,0.1284235119819641,0.8715764880180359,429.0,
800,ind_val,cross_entropy,0.90625,0.03953474760055542,0.9604652523994446,85.0,
801,ind_val,cross_entropy,0.84375,0.07579922676086426,0.9242007732391357,91.0,
802,ind_val,cross_entropy,0.78125,0.06556683778762817,0.9344331622123718,98.0,
803,ind_test,cross_entropy,0.5625,0.08956372737884521,0.9104362726211548,8.0,
804,ind_test,cross_entropy,0.8125,0.06324023008346558,0.9367597699165344,15.0,
805,ind_test,cross_entropy,0.78125,0.361702561378479,0.638297438621521,39.0,
806,EtisLaribDB,cross_entropy,1.0,0.24126631021499634,0.7587336897850037,164.0,
807,EtisLaribDB,cross_entropy,1.0,0.05545830726623535,0.9445416927337646,124.0,
808,EtisLaribDB,cross_entropy,1.0,0.9999999403953552,5.960464477539063e-08,39.0,
809,EtisLaribDB,cross_entropy,1.0,0.9125849008560181,0.08741509914398193,90.0,
810,EtisLaribDB,cross_entropy,1.0,0.05488729476928711,0.9451127052307129,161.0,
811,EtisLaribDB,cross_entropy,1.0,1.0,0.0,99.0,
812,CVC-ClinicDB,cross_entropy,1.0,0.15997111797332764,0.8400288820266724,555.0,
813,CVC-ClinicDB,cross_entropy,1.0,0.09701329469680786,0.9029867053031921,258.0,
814,CVC-ClinicDB,cross_entropy,1.0,0.1372430920600891,0.8627569079399109,86.0,
815,CVC-ClinicDB,cross_entropy,1.0,0.4908945560455322,0.5091054439544678,22.0,
816,CVC-ClinicDB,cross_entropy,1.0,0.9999997615814209,2.384185791015625e-07,590.0,
817,CVC-ClinicDB,cross_entropy,1.0,0.09175598621368408,0.9082440137863159,222.0,
818,CVC-ClinicDB,cross_entropy,1.0,0.9876074194908142,0.012392580509185791,568.0,
819,CVC-ClinicDB,cross_entropy,0.53125,0.619347095489502,0.38065290451049805,580.0,
820,CVC-ClinicDB,cross_entropy,1.0,0.20134907960891724,0.7986509203910828,190.0,
821,CVC-ClinicDB,cross_entropy,1.0,0.17438197135925293,0.8256180286407471,421.0,
822,CVC-ClinicDB,cross_entropy,1.0,0.8433766961097717,0.15662330389022827,155.0,
823,CVC-ClinicDB,cross_entropy,1.0,0.05008983612060547,0.9499101638793945,335.0,
824,CVC-ClinicDB,cross_entropy,0.5625,0.6496590375900269,0.35034096240997314,32.0,
825,CVC-ClinicDB,cross_entropy,1.0,0.6282505989074707,0.3717494010925293,238.0,
826,CVC-ClinicDB,cross_entropy,1.0,0.061752915382385254,0.9382470846176147,515.0,
827,CVC-ClinicDB,cross_entropy,1.0,0.2890583872795105,0.7109416127204895,594.0,
828,CVC-ClinicDB,cross_entropy,1.0,0.7019439935684204,0.2980560064315796,532.0,
829,CVC-ClinicDB,cross_entropy,1.0,0.4430728554725647,0.5569271445274353,123.0,
830,CVC-ClinicDB,cross_entropy,1.0,0.3464856743812561,0.6535143256187439,387.0,
831,EndoCV2020,cross_entropy,0.875,0.7205513715744019,0.27944862842559814,29.0,
832,EndoCV2020,cross_entropy,1.0,0.042324841022491455,0.9576751589775085,88.0,
833,EndoCV2020,cross_entropy,0.84375,0.371188759803772,0.628811240196228,87.0,
