,fold,feature_name,feature,loss,acc,idx,class
0,train,cross_entropy,0.8391425609588623,0.14950662851333618,0.8504933714866638,0.0,
1,train,cross_entropy,0.8391425609588623,0.09550696611404419,0.9044930338859558,1.0,
2,train,cross_entropy,0.8391425609588623,0.046158790588378906,0.9538412094116211,2.0,
3,train,cross_entropy,0.8391425609588623,0.1641087532043457,0.8358912467956543,3.0,
4,train,cross_entropy,0.8391425609588623,0.05218583345413208,0.9478141665458679,4.0,
5,train,cross_entropy,0.8391425609588623,0.983650803565979,0.016349196434020996,5.0,
6,train,cross_entropy,0.8391425609588623,0.22940433025360107,0.7705956697463989,6.0,
7,train,cross_entropy,0.8391425609588623,0.028749167919158936,0.9712508320808411,7.0,
8,train,cross_entropy,0.8391425609588623,0.051064252853393555,0.9489357471466064,8.0,
9,train,cross_entropy,0.8391425609588623,0.07108569145202637,0.9289143085479736,9.0,
10,train,cross_entropy,0.8391425609588623,0.04395437240600586,0.9560456275939941,10.0,
11,train,cross_entropy,0.8391425609588623,0.08479321002960205,0.915206789970398,11.0,
12,train,cross_entropy,0.8391425609588623,0.07097595930099487,0.9290240406990051,12.0,
13,train,cross_entropy,0.8391425609588623,0.043003737926483154,0.9569962620735168,13.0,
14,train,cross_entropy,0.8391425609588623,0.15615719556808472,0.8438428044319153,14.0,
15,train,cross_entropy,0.8391425609588623,0.05527681112289429,0.9447231888771057,15.0,
16,train,cross_entropy,0.8391425609588623,0.05029606819152832,0.9497039318084717,16.0,
17,train,cross_entropy,0.8391425609588623,0.2769560217857361,0.7230439782142639,17.0,
18,train,cross_entropy,0.8391425609588623,0.06349211931228638,0.9365078806877136,18.0,
19,train,cross_entropy,0.8391425609588623,0.045050084590911865,0.9549499154090881,19.0,
20,train,cross_entropy,0.8391425609588623,0.0679253339767456,0.9320746660232544,20.0,
21,train,cross_entropy,0.8391425609588623,0.042233407497406006,0.957766592502594,21.0,
22,train,cross_entropy,0.8391425609588623,0.10129320621490479,0.8987067937850952,22.0,
23,train,cross_entropy,0.8391425609588623,0.0549430251121521,0.9450569748878479,23.0,
24,train,cross_entropy,0.8391425609588623,0.15063124895095825,0.8493687510490417,24.0,
25,train,cross_entropy,0.8391425609588623,0.024788320064544678,0.9752116799354553,25.0,
26,train,cross_entropy,0.8391425609588623,0.08604449033737183,0.9139555096626282,26.0,
27,train,cross_entropy,0.8391425609588623,0.04748952388763428,0.9525104761123657,27.0,
28,train,cross_entropy,0.8391425609588623,0.11320668458938599,0.886793315410614,28.0,
29,train,cross_entropy,0.8391425609588623,0.23003774881362915,0.7699622511863708,29.0,
30,train,cross_entropy,0.8391425609588623,0.10481691360473633,0.8951830863952637,30.0,
31,train,cross_entropy,0.8391425609588623,0.06422197818756104,0.935778021812439,31.0,
32,train,cross_entropy,0.8678606152534485,0.14742887020111084,0.8525711297988892,32.0,
33,train,cross_entropy,0.8678606152534485,0.05852007865905762,0.9414799213409424,33.0,
34,train,cross_entropy,0.8678606152534485,0.07018446922302246,0.9298155307769775,34.0,
35,train,cross_entropy,0.8678606152534485,0.1375265121459961,0.8624734878540039,35.0,
36,train,cross_entropy,0.8678606152534485,0.07330590486526489,0.9266940951347351,36.0,
37,train,cross_entropy,0.8678606152534485,0.8363542556762695,0.16364574432373047,37.0,
38,train,cross_entropy,0.8678606152534485,0.19306623935699463,0.8069337606430054,38.0,
39,train,cross_entropy,0.8678606152534485,0.061856746673583984,0.938143253326416,39.0,
40,train,cross_entropy,0.8678606152534485,0.09914529323577881,0.9008547067642212,40.0,
41,train,cross_entropy,0.8678606152534485,0.13490474224090576,0.8650952577590942,41.0,
42,train,cross_entropy,0.8678606152534485,0.14283794164657593,0.8571620583534241,42.0,
43,train,cross_entropy,0.8678606152534485,0.044122517108917236,0.9558774828910828,43.0,
44,train,cross_entropy,0.8678606152534485,0.02941840887069702,0.970581591129303,44.0,
45,train,cross_entropy,0.8678606152534485,0.07329416275024414,0.9267058372497559,45.0,
46,train,cross_entropy,0.8678606152534485,0.14974188804626465,0.8502581119537354,46.0,
47,train,cross_entropy,0.8678606152534485,0.08313697576522827,0.9168630242347717,47.0,
48,train,cross_entropy,0.8678606152534485,0.05015379190444946,0.9498462080955505,48.0,
49,train,cross_entropy,0.8678606152534485,0.11206763982772827,0.8879323601722717,49.0,
50,train,cross_entropy,0.8678606152534485,0.06894487142562866,0.9310551285743713,50.0,
51,train,cross_entropy,0.8678606152534485,0.06909924745559692,0.9309007525444031,51.0,
52,train,cross_entropy,0.8678606152534485,0.6230234503746033,0.37697654962539673,52.0,
53,train,cross_entropy,0.8678606152534485,0.03959989547729492,0.9604001045227051,53.0,
54,train,cross_entropy,0.8678606152534485,0.06557774543762207,0.9344222545623779,54.0,
55,train,cross_entropy,0.8678606152534485,0.11201202869415283,0.8879879713058472,55.0,
56,train,cross_entropy,0.8678606152534485,0.09472686052322388,0.9052731394767761,56.0,
57,train,cross_entropy,0.8678606152534485,0.061865806579589844,0.9381341934204102,57.0,
58,train,cross_entropy,0.8678606152534485,0.05393528938293457,0.9460647106170654,58.0,
59,train,cross_entropy,0.8678606152534485,0.4086233377456665,0.5913766622543335,59.0,
60,train,cross_entropy,0.8678606152534485,0.046616971492767334,0.9533830285072327,60.0,
61,train,cross_entropy,0.8678606152534485,0.13863146305084229,0.8613685369491577,61.0,
62,train,cross_entropy,0.8678606152534485,0.1329072117805481,0.8670927882194519,62.0,
63,train,cross_entropy,0.8678606152534485,0.08627742528915405,0.913722574710846,63.0,
64,train,cross_entropy,0.8364217281341553,0.11195862293243408,0.8880413770675659,64.0,
65,train,cross_entropy,0.8364217281341553,0.06530869007110596,0.934691309928894,65.0,
66,train,cross_entropy,0.8364217281341553,0.05337947607040405,0.946620523929596,66.0,
67,train,cross_entropy,0.8364217281341553,0.07817268371582031,0.9218273162841797,67.0,
68,train,cross_entropy,0.8364217281341553,0.16038846969604492,0.8396115303039551,68.0,
69,train,cross_entropy,0.8364217281341553,0.08711761236190796,0.912882387638092,69.0,
70,train,cross_entropy,0.8364217281341553,0.04014033079147339,0.9598596692085266,70.0,
71,train,cross_entropy,0.8364217281341553,0.06777727603912354,0.9322227239608765,71.0,
72,train,cross_entropy,0.8364217281341553,0.0565372109413147,0.9434627890586853,72.0,
73,train,cross_entropy,0.8364217281341553,0.3285987973213196,0.6714012026786804,73.0,
74,train,cross_entropy,0.8364217281341553,0.20526915788650513,0.7947308421134949,74.0,
75,train,cross_entropy,0.8364217281341553,0.0967758297920227,0.9032241702079773,75.0,
76,train,cross_entropy,0.8364217281341553,0.09094148874282837,0.9090585112571716,76.0,
77,train,cross_entropy,0.8364217281341553,0.06662732362747192,0.9333726763725281,77.0,
78,train,cross_entropy,0.8364217281341553,0.059491753578186035,0.940508246421814,78.0,
79,train,cross_entropy,0.8364217281341553,0.06338059902191162,0.9366194009780884,79.0,
80,train,cross_entropy,0.8364217281341553,0.04793059825897217,0.9520694017410278,80.0,
81,train,cross_entropy,0.8364217281341553,0.03971034288406372,0.9602896571159363,81.0,
82,train,cross_entropy,0.8364217281341553,0.09844493865966797,0.901555061340332,82.0,
83,train,cross_entropy,0.8364217281341553,0.29334986209869385,0.7066501379013062,83.0,
84,train,cross_entropy,0.8364217281341553,0.11776256561279297,0.882237434387207,84.0,
85,train,cross_entropy,0.8364217281341553,0.17809414863586426,0.8219058513641357,85.0,
86,train,cross_entropy,0.8364217281341553,0.056248247623443604,0.9437517523765564,86.0,
87,train,cross_entropy,0.8364217281341553,0.0958063006401062,0.9041936993598938,87.0,
88,train,cross_entropy,0.8364217281341553,0.10431504249572754,0.8956849575042725,88.0,
89,train,cross_entropy,0.8364217281341553,0.08305901288986206,0.9169409871101379,89.0,
90,train,cross_entropy,0.8364217281341553,0.1909792423248291,0.8090207576751709,90.0,
91,train,cross_entropy,0.8364217281341553,0.9999880790710449,1.1920928955078125e-05,91.0,
92,train,cross_entropy,0.8364217281341553,0.058285653591156006,0.941714346408844,92.0,
93,train,cross_entropy,0.8364217281341553,0.2948865294456482,0.7051134705543518,93.0,
94,train,cross_entropy,0.8364217281341553,0.045153677463531494,0.9548463225364685,94.0,
95,train,cross_entropy,0.8364217281341553,0.06517225503921509,0.9348277449607849,95.0,
96,train,cross_entropy,0.8600034713745117,0.07145887613296509,0.9285411238670349,96.0,
97,train,cross_entropy,0.8600034713745117,0.9434849619865417,0.05651503801345825,97.0,
98,train,cross_entropy,0.8600034713745117,0.12776249647140503,0.872237503528595,98.0,
99,train,cross_entropy,0.8600034713745117,0.08348625898361206,0.9165137410163879,99.0,
100,train,cross_entropy,0.8600034713745117,0.09370064735412598,0.906299352645874,100.0,
101,train,cross_entropy,0.8600034713745117,0.08622848987579346,0.9137715101242065,101.0,
102,train,cross_entropy,0.8600034713745117,0.0646180510520935,0.9353819489479065,102.0,
103,train,cross_entropy,0.8600034713745117,0.06005138158798218,0.9399486184120178,103.0,
104,train,cross_entropy,0.8600034713745117,0.10436636209487915,0.8956336379051208,104.0,
105,train,cross_entropy,0.8600034713745117,0.06818491220474243,0.9318150877952576,105.0,
106,train,cross_entropy,0.8600034713745117,0.13182592391967773,0.8681740760803223,106.0,
107,train,cross_entropy,0.8600034713745117,1.0,0.0,107.0,
108,train,cross_entropy,0.8600034713745117,0.13037288188934326,0.8696271181106567,108.0,
109,train,cross_entropy,0.8600034713745117,0.10502755641937256,0.8949724435806274,109.0,
110,train,cross_entropy,0.8600034713745117,0.11685383319854736,0.8831461668014526,110.0,
111,train,cross_entropy,0.8600034713745117,0.12025660276412964,0.8797433972358704,111.0,
112,train,cross_entropy,0.8600034713745117,0.04370009899139404,0.956299901008606,112.0,
113,train,cross_entropy,0.8600034713745117,0.05412483215332031,0.9458751678466797,113.0,
114,train,cross_entropy,0.8600034713745117,0.06059640645980835,0.9394035935401917,114.0,
115,train,cross_entropy,0.8600034713745117,0.047392427921295166,0.9526075720787048,115.0,
116,train,cross_entropy,0.8600034713745117,0.09551173448562622,0.9044882655143738,116.0,
117,train,cross_entropy,0.8600034713745117,0.10069882869720459,0.8993011713027954,117.0,
118,train,cross_entropy,0.8600034713745117,0.08331400156021118,0.9166859984397888,118.0,
119,train,cross_entropy,0.8600034713745117,0.13886702060699463,0.8611329793930054,119.0,
120,train,cross_entropy,0.8600034713745117,0.11573702096939087,0.8842629790306091,120.0,
121,train,cross_entropy,0.8600034713745117,0.08916634321212769,0.9108336567878723,121.0,
122,train,cross_entropy,0.8600034713745117,0.12152820825576782,0.8784717917442322,122.0,
123,train,cross_entropy,0.8600034713745117,0.04973149299621582,0.9502685070037842,123.0,
124,train,cross_entropy,0.8600034713745117,0.09033012390136719,0.9096698760986328,124.0,
125,train,cross_entropy,0.8600034713745117,0.10929715633392334,0.8907028436660767,125.0,
126,train,cross_entropy,0.8600034713745117,0.10243070125579834,0.8975692987442017,126.0,
127,train,cross_entropy,0.8600034713745117,0.09342139959335327,0.9065786004066467,127.0,
128,train,cross_entropy,0.8296080827713013,0.10065394639968872,0.8993460536003113,128.0,
129,train,cross_entropy,0.8296080827713013,0.06028437614440918,0.9397156238555908,129.0,
130,train,cross_entropy,0.8296080827713013,0.19277799129486084,0.8072220087051392,130.0,
131,train,cross_entropy,0.8296080827713013,0.08446598052978516,0.9155340194702148,131.0,
132,train,cross_entropy,0.8296080827713013,0.07891726493835449,0.9210827350616455,132.0,
133,train,cross_entropy,0.8296080827713013,0.06952279806137085,0.9304772019386292,133.0,
134,train,cross_entropy,0.8296080827713013,0.1990218162536621,0.8009781837463379,134.0,
135,train,cross_entropy,0.8296080827713013,0.047975897789001465,0.9520241022109985,135.0,
136,train,cross_entropy,0.8296080827713013,0.15230530500411987,0.8476946949958801,136.0,
137,train,cross_entropy,0.8296080827713013,0.12178492546081543,0.8782150745391846,137.0,
138,train,cross_entropy,0.8296080827713013,0.09390974044799805,0.906090259552002,138.0,
139,train,cross_entropy,0.8296080827713013,0.06480813026428223,0.9351918697357178,139.0,
140,train,cross_entropy,0.8296080827713013,0.029952943325042725,0.9700470566749573,140.0,
141,train,cross_entropy,0.8296080827713013,0.07594901323318481,0.9240509867668152,141.0,
142,train,cross_entropy,0.8296080827713013,0.10841673612594604,0.891583263874054,142.0,
143,train,cross_entropy,0.8296080827713013,0.12124758958816528,0.8787524104118347,143.0,
144,train,cross_entropy,0.8296080827713013,0.10711729526519775,0.8928827047348022,144.0,
145,train,cross_entropy,0.8296080827713013,0.13748860359191895,0.862511396408081,145.0,
146,train,cross_entropy,0.8296080827713013,0.11505860090255737,0.8849413990974426,146.0,
147,train,cross_entropy,0.8296080827713013,0.05683445930480957,0.9431655406951904,147.0,
148,train,cross_entropy,0.8296080827713013,0.15172243118286133,0.8482775688171387,148.0,
149,train,cross_entropy,0.8296080827713013,0.4315025806427002,0.5684974193572998,149.0,
150,train,cross_entropy,0.8296080827713013,0.060301899909973145,0.9396981000900269,150.0,
151,train,cross_entropy,0.8296080827713013,0.0812382698059082,0.9187617301940918,151.0,
152,train,cross_entropy,0.8296080827713013,0.0827937126159668,0.9172062873840332,152.0,
153,train,cross_entropy,0.8296080827713013,0.11057382822036743,0.8894261717796326,153.0,
154,train,cross_entropy,0.8296080827713013,0.13888287544250488,0.8611171245574951,154.0,
155,train,cross_entropy,0.8296080827713013,0.24068844318389893,0.7593115568161011,155.0,
156,train,cross_entropy,0.8296080827713013,0.09401935338973999,0.90598064661026,156.0,
157,train,cross_entropy,0.8296080827713013,0.09524095058441162,0.9047590494155884,157.0,
158,train,cross_entropy,0.8296080827713013,0.07018262147903442,0.9298173785209656,158.0,
159,train,cross_entropy,0.8296080827713013,0.062316298484802246,0.9376837015151978,159.0,
160,train,cross_entropy,0.8760851621627808,0.39385461807250977,0.6061453819274902,160.0,
161,train,cross_entropy,0.8760851621627808,0.07930499315261841,0.9206950068473816,161.0,
162,train,cross_entropy,0.8760851621627808,0.6008082628250122,0.3991917371749878,162.0,
163,train,cross_entropy,0.8760851621627808,0.11911666393280029,0.8808833360671997,163.0,
164,train,cross_entropy,0.8760851621627808,0.06022864580154419,0.9397713541984558,164.0,
165,train,cross_entropy,0.8760851621627808,0.480571448802948,0.519428551197052,165.0,
166,train,cross_entropy,0.8760851621627808,0.5504583120346069,0.44954168796539307,166.0,
167,train,cross_entropy,0.8760851621627808,0.14681130647659302,0.853188693523407,167.0,
168,train,cross_entropy,0.8760851621627808,0.32309532165527344,0.6769046783447266,168.0,
169,train,cross_entropy,0.8760851621627808,0.3555748462677002,0.6444251537322998,169.0,
170,train,cross_entropy,0.8760851621627808,0.10001444816589355,0.8999855518341064,170.0,
171,train,cross_entropy,0.8760851621627808,0.08143216371536255,0.9185678362846375,171.0,
172,train,cross_entropy,0.8760851621627808,0.06013953685760498,0.939860463142395,172.0,
173,train,cross_entropy,0.8760851621627808,0.10651642084121704,0.893483579158783,173.0,
174,train,cross_entropy,0.8760851621627808,0.06374508142471313,0.9362549185752869,174.0,
175,train,cross_entropy,0.8760851621627808,0.17423492670059204,0.825765073299408,175.0,
176,train,cross_entropy,0.8760851621627808,0.03771567344665527,0.9622843265533447,176.0,
177,train,cross_entropy,0.8760851621627808,0.1602247953414917,0.8397752046585083,177.0,
178,train,cross_entropy,0.8760851621627808,0.08004170656204224,0.9199582934379578,178.0,
179,train,cross_entropy,0.8760851621627808,0.05344456434249878,0.9465554356575012,179.0,
180,train,cross_entropy,0.8760851621627808,0.06710433959960938,0.9328956604003906,180.0,
181,train,cross_entropy,0.8760851621627808,0.047984957695007324,0.9520150423049927,181.0,
182,train,cross_entropy,0.8760851621627808,0.17656481266021729,0.8234351873397827,182.0,
183,train,cross_entropy,0.8760851621627808,0.12312978506088257,0.8768702149391174,183.0,
184,train,cross_entropy,0.8760851621627808,0.14113390445709229,0.8588660955429077,184.0,
185,train,cross_entropy,0.8760851621627808,0.06369835138320923,0.9363016486167908,185.0,
186,train,cross_entropy,0.8760851621627808,0.10581761598587036,0.8941823840141296,186.0,
187,train,cross_entropy,0.8760851621627808,0.22843343019485474,0.7715665698051453,187.0,
188,train,cross_entropy,0.8760851621627808,0.1381458044052124,0.8618541955947876,188.0,
189,train,cross_entropy,0.8760851621627808,0.10006952285766602,0.899930477142334,189.0,
190,train,cross_entropy,0.8760851621627808,0.2857218384742737,0.7142781615257263,190.0,
191,train,cross_entropy,0.8760851621627808,0.04264819622039795,0.957351803779602,191.0,
192,train,cross_entropy,0.8106215000152588,0.07675176858901978,0.9232482314109802,192.0,
193,train,cross_entropy,0.8106215000152588,0.06551617383956909,0.9344838261604309,193.0,
194,train,cross_entropy,0.8106215000152588,0.1716400384902954,0.8283599615097046,194.0,
195,train,cross_entropy,0.8106215000152588,0.05792742967605591,0.9420725703239441,195.0,
196,train,cross_entropy,0.8106215000152588,0.22967088222503662,0.7703291177749634,196.0,
197,train,cross_entropy,0.8106215000152588,0.05326634645462036,0.9467336535453796,197.0,
198,train,cross_entropy,0.8106215000152588,0.18336373567581177,0.8166362643241882,198.0,
199,train,cross_entropy,0.8106215000152588,0.05655312538146973,0.9434468746185303,199.0,
200,train,cross_entropy,0.8106215000152588,0.044641315937042236,0.9553586840629578,200.0,
201,train,cross_entropy,0.8106215000152588,0.057458698749542236,0.9425413012504578,201.0,
202,train,cross_entropy,0.8106215000152588,0.0734105110168457,0.9265894889831543,202.0,
203,train,cross_entropy,0.8106215000152588,0.04533439874649048,0.9546656012535095,203.0,
204,train,cross_entropy,0.8106215000152588,0.06065034866333008,0.9393496513366699,204.0,
205,train,cross_entropy,0.8106215000152588,0.08957260847091675,0.9104273915290833,205.0,
206,train,cross_entropy,0.8106215000152588,0.056703269481658936,0.9432967305183411,206.0,
207,train,cross_entropy,0.8106215000152588,0.047783493995666504,0.9522165060043335,207.0,
208,train,cross_entropy,0.8106215000152588,0.09165942668914795,0.908340573310852,208.0,
209,train,cross_entropy,0.8106215000152588,0.623100996017456,0.37689900398254395,209.0,
210,train,cross_entropy,0.8106215000152588,0.038229167461395264,0.9617708325386047,210.0,
211,train,cross_entropy,0.8106215000152588,0.09508150815963745,0.9049184918403625,211.0,
212,train,cross_entropy,0.8106215000152588,0.14387011528015137,0.8561298847198486,212.0,
213,train,cross_entropy,0.8106215000152588,0.04065030813217163,0.9593496918678284,213.0,
214,train,cross_entropy,0.8106215000152588,0.08832395076751709,0.9116760492324829,214.0,
215,train,cross_entropy,0.8106215000152588,0.04281097650527954,0.9571890234947205,215.0,
216,train,cross_entropy,0.8106215000152588,0.03625756502151489,0.9637424349784851,216.0,
217,train,cross_entropy,0.8106215000152588,0.08574813604354858,0.9142518639564514,217.0,
218,train,cross_entropy,0.8106215000152588,0.05995309352874756,0.9400469064712524,218.0,
219,train,cross_entropy,0.8106215000152588,0.2848474383354187,0.7151525616645813,219.0,
220,train,cross_entropy,0.8106215000152588,0.07576823234558105,0.924231767654419,220.0,
221,train,cross_entropy,0.8106215000152588,0.06309521198272705,0.936904788017273,221.0,
222,train,cross_entropy,0.8106215000152588,0.1014891266822815,0.8985108733177185,222.0,
223,train,cross_entropy,0.8106215000152588,0.0700870156288147,0.9299129843711853,223.0,
224,train,cross_entropy,0.8405338525772095,0.05675160884857178,0.9432483911514282,224.0,
225,train,cross_entropy,0.8405338525772095,0.10001599788665771,0.8999840021133423,225.0,
226,train,cross_entropy,0.8405338525772095,0.2324339747428894,0.7675660252571106,226.0,
227,train,cross_entropy,0.8405338525772095,0.11320024728775024,0.8867997527122498,227.0,
228,train,cross_entropy,0.8405338525772095,0.08318263292312622,0.9168173670768738,228.0,
229,train,cross_entropy,0.8405338525772095,0.06714993715286255,0.9328500628471375,229.0,
230,train,cross_entropy,0.8405338525772095,0.09829407930374146,0.9017059206962585,230.0,
231,train,cross_entropy,0.8405338525772095,0.050246238708496094,0.9497537612915039,231.0,
232,train,cross_entropy,0.8405338525772095,0.17907506227493286,0.8209249377250671,232.0,
233,train,cross_entropy,0.8405338525772095,0.03255105018615723,0.9674489498138428,233.0,
234,train,cross_entropy,0.8405338525772095,0.045710623264312744,0.9542893767356873,234.0,
235,train,cross_entropy,0.8405338525772095,0.07829004526138306,0.9217099547386169,235.0,
236,train,cross_entropy,0.8405338525772095,0.17937541007995605,0.820624589920044,236.0,
237,train,cross_entropy,0.8405338525772095,0.12939530611038208,0.8706046938896179,237.0,
238,train,cross_entropy,0.8405338525772095,0.07821083068847656,0.9217891693115234,238.0,
239,train,cross_entropy,0.8405338525772095,0.14825069904327393,0.8517493009567261,239.0,
240,train,cross_entropy,0.8405338525772095,0.06922000646591187,0.9307799935340881,240.0,
241,train,cross_entropy,0.8405338525772095,0.24518120288848877,0.7548187971115112,241.0,
242,train,cross_entropy,0.8405338525772095,0.0796431303024292,0.9203568696975708,242.0,
243,train,cross_entropy,0.8405338525772095,0.05453413724899292,0.9454658627510071,243.0,
244,train,cross_entropy,0.8405338525772095,0.03437310457229614,0.9656268954277039,244.0,
245,train,cross_entropy,0.8405338525772095,0.20169949531555176,0.7983005046844482,245.0,
246,train,cross_entropy,0.8405338525772095,0.08821254968643188,0.9117874503135681,246.0,
247,train,cross_entropy,0.8405338525772095,0.05999475717544556,0.9400052428245544,247.0,
248,train,cross_entropy,0.8405338525772095,0.027120590209960938,0.9728794097900391,248.0,
249,train,cross_entropy,0.8405338525772095,0.13714051246643066,0.8628594875335693,249.0,
250,train,cross_entropy,0.8405338525772095,0.05380374193191528,0.9461962580680847,250.0,
251,train,cross_entropy,0.8405338525772095,0.15420424938201904,0.845795750617981,251.0,
252,train,cross_entropy,0.8405338525772095,0.12247216701507568,0.8775278329849243,252.0,
253,train,cross_entropy,0.8405338525772095,0.059002697467803955,0.940997302532196,253.0,
254,train,cross_entropy,0.8405338525772095,0.0627409815788269,0.9372590184211731,254.0,
255,train,cross_entropy,0.8405338525772095,0.06938844919204712,0.9306115508079529,255.0,
256,train,cross_entropy,0.8461878299713135,0.144792377948761,0.855207622051239,256.0,
257,train,cross_entropy,0.8461878299713135,0.10274094343185425,0.8972590565681458,257.0,
258,train,cross_entropy,0.8461878299713135,0.050624310970306396,0.9493756890296936,258.0,
259,train,cross_entropy,0.8461878299713135,0.3047890067100525,0.6952109932899475,259.0,
260,train,cross_entropy,0.8461878299713135,0.21733075380325317,0.7826692461967468,260.0,
261,train,cross_entropy,0.8461878299713135,0.154674232006073,0.845325767993927,261.0,
262,train,cross_entropy,0.8461878299713135,0.21963369846343994,0.7803663015365601,262.0,
263,train,cross_entropy,0.8461878299713135,0.45191413164138794,0.5480858683586121,263.0,
264,train,cross_entropy,0.8461878299713135,0.18187600374221802,0.818123996257782,264.0,
265,train,cross_entropy,0.8461878299713135,0.06034135818481445,0.9396586418151855,265.0,
266,train,cross_entropy,0.8461878299713135,0.05569589138031006,0.9443041086196899,266.0,
267,train,cross_entropy,0.8461878299713135,0.06413531303405762,0.9358646869659424,267.0,
268,train,cross_entropy,0.8461878299713135,0.26549917459487915,0.7345008254051208,268.0,
269,train,cross_entropy,0.8461878299713135,0.06520813703536987,0.9347918629646301,269.0,
270,train,cross_entropy,0.8461878299713135,0.10891872644424438,0.8910812735557556,270.0,
271,train,cross_entropy,0.8461878299713135,0.05255860090255737,0.9474413990974426,271.0,
272,train,cross_entropy,0.8461878299713135,0.18582141399383545,0.8141785860061646,272.0,
273,train,cross_entropy,0.8461878299713135,0.06805521249771118,0.9319447875022888,273.0,
274,train,cross_entropy,0.8461878299713135,0.13113826513290405,0.868861734867096,274.0,
275,train,cross_entropy,0.8461878299713135,0.08812868595123291,0.9118713140487671,275.0,
276,train,cross_entropy,0.8461878299713135,0.1303529143333435,0.8696470856666565,276.0,
277,train,cross_entropy,0.8461878299713135,0.12834763526916504,0.871652364730835,277.0,
278,train,cross_entropy,0.8461878299713135,0.13411879539489746,0.8658812046051025,278.0,
279,train,cross_entropy,0.8461878299713135,0.04730117321014404,0.952698826789856,279.0,
280,train,cross_entropy,0.8461878299713135,0.08464795351028442,0.9153520464897156,280.0,
281,train,cross_entropy,0.8461878299713135,0.03740626573562622,0.9625937342643738,281.0,
282,train,cross_entropy,0.8461878299713135,0.3086239695549011,0.6913760304450989,282.0,
283,train,cross_entropy,0.8461878299713135,0.06411927938461304,0.935880720615387,283.0,
284,train,cross_entropy,0.8461878299713135,0.184209406375885,0.815790593624115,284.0,
285,train,cross_entropy,0.8461878299713135,0.039917945861816406,0.9600820541381836,285.0,
286,train,cross_entropy,0.8461878299713135,0.1486092209815979,0.8513907790184021,286.0,
287,train,cross_entropy,0.8461878299713135,0.05211681127548218,0.9478831887245178,287.0,
288,train,cross_entropy,0.8324630260467529,0.12770330905914307,0.8722966909408569,288.0,
289,train,cross_entropy,0.8324630260467529,0.06781399250030518,0.9321860074996948,289.0,
290,train,cross_entropy,0.8324630260467529,0.14908313751220703,0.850916862487793,290.0,
291,train,cross_entropy,0.8324630260467529,0.07538485527038574,0.9246151447296143,291.0,
292,train,cross_entropy,0.8324630260467529,0.11919611692428589,0.8808038830757141,292.0,
293,train,cross_entropy,0.8324630260467529,0.049541354179382324,0.9504586458206177,293.0,
294,train,cross_entropy,0.8324630260467529,0.055074453353881836,0.9449255466461182,294.0,
295,train,cross_entropy,0.8324630260467529,0.05570697784423828,0.9442930221557617,295.0,
296,train,cross_entropy,0.8324630260467529,0.14820867776870728,0.8517913222312927,296.0,
297,train,cross_entropy,0.8324630260467529,0.08473050594329834,0.9152694940567017,297.0,
298,train,cross_entropy,0.8324630260467529,0.12441247701644897,0.875587522983551,298.0,
299,train,cross_entropy,0.8324630260467529,0.07031065225601196,0.929689347743988,299.0,
300,train,cross_entropy,0.8324630260467529,0.6505554914474487,0.34944450855255127,300.0,
301,train,cross_entropy,0.8324630260467529,0.14125311374664307,0.8587468862533569,301.0,
302,train,cross_entropy,0.8324630260467529,0.11639910936355591,0.8836008906364441,302.0,
303,train,cross_entropy,0.8324630260467529,0.06913542747497559,0.9308645725250244,303.0,
304,train,cross_entropy,0.8324630260467529,0.0557979941368103,0.9442020058631897,304.0,
305,train,cross_entropy,0.8324630260467529,0.1816214919090271,0.8183785080909729,305.0,
306,train,cross_entropy,0.8324630260467529,0.04132717847824097,0.958672821521759,306.0,
307,train,cross_entropy,0.8324630260467529,0.07021981477737427,0.9297801852226257,307.0,
308,train,cross_entropy,0.8324630260467529,0.11004829406738281,0.8899517059326172,308.0,
309,train,cross_entropy,0.8324630260467529,0.19736653566360474,0.8026334643363953,309.0,
310,train,cross_entropy,0.8324630260467529,0.04971212148666382,0.9502878785133362,310.0,
311,train,cross_entropy,0.8324630260467529,0.11782610416412354,0.8821738958358765,311.0,
312,train,cross_entropy,0.8324630260467529,0.035253822803497314,0.9647461771965027,312.0,
313,train,cross_entropy,0.8324630260467529,0.09746521711349487,0.9025347828865051,313.0,
314,train,cross_entropy,0.8324630260467529,0.13635355234146118,0.8636464476585388,314.0,
315,train,cross_entropy,0.8324630260467529,0.22383415699005127,0.7761658430099487,315.0,
316,train,cross_entropy,0.8324630260467529,0.06937742233276367,0.9306225776672363,316.0,
317,train,cross_entropy,0.8324630260467529,0.06802356243133545,0.9319764375686646,317.0,
318,train,cross_entropy,0.8324630260467529,0.07206588983535767,0.9279341101646423,318.0,
319,train,cross_entropy,0.8324630260467529,0.07394653558731079,0.9260534644126892,319.0,
320,train,cross_entropy,0.8906693458557129,0.3489307165145874,0.6510692834854126,320.0,
321,train,cross_entropy,0.8906693458557129,0.049729108810424805,0.9502708911895752,321.0,
322,train,cross_entropy,0.8906693458557129,0.17053300142288208,0.8294669985771179,322.0,
323,train,cross_entropy,0.8906693458557129,0.0635756254196167,0.9364243745803833,323.0,
324,train,cross_entropy,0.8906693458557129,0.08008366823196411,0.9199163317680359,324.0,
325,train,cross_entropy,0.8906693458557129,0.10987663269042969,0.8901233673095703,325.0,
326,train,cross_entropy,0.8906693458557129,0.06881773471832275,0.9311822652816772,326.0,
327,train,cross_entropy,0.8906693458557129,0.6151231527328491,0.3848768472671509,327.0,
328,train,cross_entropy,0.8906693458557129,0.08505171537399292,0.9149482846260071,328.0,
329,train,cross_entropy,0.8906693458557129,0.19897639751434326,0.8010236024856567,329.0,
330,train,cross_entropy,0.8906693458557129,0.05668109655380249,0.9433189034461975,330.0,
331,train,cross_entropy,0.8906693458557129,0.27266842126846313,0.7273315787315369,331.0,
332,train,cross_entropy,0.8906693458557129,0.10333883762359619,0.8966611623764038,332.0,
333,train,cross_entropy,0.8906693458557129,0.4274042844772339,0.5725957155227661,333.0,
334,train,cross_entropy,0.8906693458557129,0.37397462129592896,0.626025378704071,334.0,
335,train,cross_entropy,0.8906693458557129,0.19882237911224365,0.8011776208877563,335.0,
336,train,cross_entropy,0.8906693458557129,0.05687147378921509,0.9431285262107849,336.0,
337,train,cross_entropy,0.8906693458557129,0.11884927749633789,0.8811507225036621,337.0,
338,train,cross_entropy,0.8906693458557129,0.8398506045341492,0.16014939546585083,338.0,
339,train,cross_entropy,0.8906693458557129,0.2551208734512329,0.7448791265487671,339.0,
340,train,cross_entropy,0.8906693458557129,0.11153256893157959,0.8884674310684204,340.0,
341,train,cross_entropy,0.8906693458557129,0.08638811111450195,0.913611888885498,341.0,
342,train,cross_entropy,0.8906693458557129,0.05645376443862915,0.9435462355613708,342.0,
343,train,cross_entropy,0.8906693458557129,0.08557999134063721,0.9144200086593628,343.0,
344,train,cross_entropy,0.8906693458557129,0.09152644872665405,0.908473551273346,344.0,
345,train,cross_entropy,0.8906693458557129,0.10970902442932129,0.8902909755706787,345.0,
346,train,cross_entropy,0.8906693458557129,0.04623579978942871,0.9537642002105713,346.0,
347,train,cross_entropy,0.8906693458557129,0.7239663600921631,0.2760336399078369,347.0,
348,train,cross_entropy,0.8906693458557129,0.07013136148452759,0.9298686385154724,348.0,
349,train,cross_entropy,0.8906693458557129,0.08260267972946167,0.9173973202705383,349.0,
350,train,cross_entropy,0.8906693458557129,0.08092069625854492,0.9190793037414551,350.0,
351,train,cross_entropy,0.8906693458557129,0.49585777521133423,0.5041422247886658,351.0,
352,train,cross_entropy,0.8238131999969482,0.3816720247268677,0.6183279752731323,352.0,
353,train,cross_entropy,0.8238131999969482,0.06420028209686279,0.9357997179031372,353.0,
354,train,cross_entropy,0.8238131999969482,0.11796945333480835,0.8820305466651917,354.0,
355,train,cross_entropy,0.8238131999969482,0.14377832412719727,0.8562216758728027,355.0,
356,train,cross_entropy,0.8238131999969482,0.4652884602546692,0.5347115397453308,356.0,
357,train,cross_entropy,0.8238131999969482,0.05695950984954834,0.9430404901504517,357.0,
358,train,cross_entropy,0.8238131999969482,0.4109709858894348,0.5890290141105652,358.0,
359,train,cross_entropy,0.8238131999969482,0.8352398872375488,0.16476011276245117,359.0,
360,train,cross_entropy,0.8238131999969482,0.05275994539260864,0.9472400546073914,360.0,
361,train,cross_entropy,0.8238131999969482,0.06370162963867188,0.9362983703613281,361.0,
362,train,cross_entropy,0.8238131999969482,0.06290817260742188,0.9370918273925781,362.0,
363,train,cross_entropy,0.8238131999969482,0.461578369140625,0.538421630859375,363.0,
364,train,cross_entropy,0.8238131999969482,0.15540027618408203,0.844599723815918,364.0,
365,train,cross_entropy,0.8238131999969482,0.3498121500015259,0.6501878499984741,365.0,
366,train,cross_entropy,0.8238131999969482,0.09335297346115112,0.9066470265388489,366.0,
367,train,cross_entropy,0.8238131999969482,0.08542501926422119,0.9145749807357788,367.0,
368,train,cross_entropy,0.8238131999969482,0.09202247858047485,0.9079775214195251,368.0,
369,train,cross_entropy,0.8238131999969482,0.048554956912994385,0.9514450430870056,369.0,
370,train,cross_entropy,0.8238131999969482,0.36196112632751465,0.6380388736724854,370.0,
371,train,cross_entropy,0.8238131999969482,0.04471123218536377,0.9552887678146362,371.0,
372,train,cross_entropy,0.8238131999969482,0.06765639781951904,0.932343602180481,372.0,
373,train,cross_entropy,0.8238131999969482,0.2199552059173584,0.7800447940826416,373.0,
374,train,cross_entropy,0.8238131999969482,0.08154016733169556,0.9184598326683044,374.0,
375,train,cross_entropy,0.8238131999969482,0.06868362426757812,0.9313163757324219,375.0,
376,train,cross_entropy,0.8238131999969482,0.03599953651428223,0.9640004634857178,376.0,
377,train,cross_entropy,0.8238131999969482,0.09636944532394409,0.9036305546760559,377.0,
378,train,cross_entropy,0.8238131999969482,0.07171332836151123,0.9282866716384888,378.0,
379,train,cross_entropy,0.8238131999969482,0.3160055875778198,0.6839944124221802,379.0,
380,train,cross_entropy,0.8238131999969482,0.08403432369232178,0.9159656763076782,380.0,
381,train,cross_entropy,0.8238131999969482,0.13456779718399048,0.8654322028160095,381.0,
382,train,cross_entropy,0.8238131999969482,0.02715355157852173,0.9728464484214783,382.0,
383,train,cross_entropy,0.8238131999969482,0.37570083141326904,0.624299168586731,383.0,
384,train,cross_entropy,0.8197015523910522,0.08020985126495361,0.9197901487350464,384.0,
385,train,cross_entropy,0.8197015523910522,0.5186408758163452,0.4813591241836548,385.0,
386,train,cross_entropy,0.8197015523910522,0.16085666418075562,0.8391433358192444,386.0,
387,train,cross_entropy,0.8197015523910522,0.1119266152381897,0.8880733847618103,387.0,
388,train,cross_entropy,0.8197015523910522,0.08331096172332764,0.9166890382766724,388.0,
389,train,cross_entropy,0.8197015523910522,0.15034973621368408,0.8496502637863159,389.0,
390,train,cross_entropy,0.8197015523910522,0.08216071128845215,0.9178392887115479,390.0,
391,train,cross_entropy,0.8197015523910522,0.06105393171310425,0.9389460682868958,391.0,
392,train,cross_entropy,0.8197015523910522,0.06692594289779663,0.9330740571022034,392.0,
393,train,cross_entropy,0.8197015523910522,0.032966434955596924,0.9670335650444031,393.0,
394,train,cross_entropy,0.8197015523910522,0.06764340400695801,0.932356595993042,394.0,
395,train,cross_entropy,0.8197015523910522,0.047986507415771484,0.9520134925842285,395.0,
396,train,cross_entropy,0.8197015523910522,0.04304945468902588,0.9569505453109741,396.0,
397,train,cross_entropy,0.8197015523910522,0.032138049602508545,0.9678619503974915,397.0,
398,train,cross_entropy,0.8197015523910522,0.09533417224884033,0.9046658277511597,398.0,
399,train,cross_entropy,0.8197015523910522,0.07051074504852295,0.929489254951477,399.0,
400,train,cross_entropy,0.8197015523910522,0.08499753475189209,0.9150024652481079,400.0,
401,train,cross_entropy,0.8197015523910522,0.8151117563247681,0.18488824367523193,401.0,
402,train,cross_entropy,0.8197015523910522,0.04571908712387085,0.9542809128761292,402.0,
403,train,cross_entropy,0.8197015523910522,0.18025827407836914,0.8197417259216309,403.0,
404,train,cross_entropy,0.8197015523910522,0.06983840465545654,0.9301615953445435,404.0,
405,train,cross_entropy,0.8197015523910522,0.08581233024597168,0.9141876697540283,405.0,
406,train,cross_entropy,0.8197015523910522,0.19879567623138428,0.8012043237686157,406.0,
407,train,cross_entropy,0.8197015523910522,0.40832531452178955,0.5916746854782104,407.0,
408,train,cross_entropy,0.8197015523910522,0.14431071281433105,0.855689287185669,408.0,
409,train,cross_entropy,0.8197015523910522,0.0882638692855835,0.9117361307144165,409.0,
410,train,cross_entropy,0.8197015523910522,0.3769400119781494,0.6230599880218506,410.0,
411,train,cross_entropy,0.8197015523910522,0.08030915260314941,0.9196908473968506,411.0,
412,train,cross_entropy,0.8197015523910522,0.08905768394470215,0.9109423160552979,412.0,
413,train,cross_entropy,0.8197015523910522,0.055859267711639404,0.9441407322883606,413.0,
414,train,cross_entropy,0.8197015523910522,0.14535462856292725,0.8546453714370728,414.0,
415,train,cross_entropy,0.8197015523910522,0.035812199115753174,0.9641878008842468,415.0,
416,train,cross_entropy,0.8803451061248779,0.920386552810669,0.07961344718933105,416.0,
417,train,cross_entropy,0.8803451061248779,0.06741970777511597,0.932580292224884,417.0,
418,train,cross_entropy,0.8803451061248779,0.12128162384033203,0.878718376159668,418.0,
419,train,cross_entropy,0.8803451061248779,0.06082344055175781,0.9391765594482422,419.0,
420,train,cross_entropy,0.8803451061248779,0.2570745348930359,0.7429254651069641,420.0,
421,train,cross_entropy,0.8803451061248779,0.08722609281539917,0.9127739071846008,421.0,
422,train,cross_entropy,0.8803451061248779,0.9339564442634583,0.06604355573654175,422.0,
423,train,cross_entropy,0.8803451061248779,0.18122702836990356,0.8187729716300964,423.0,
424,train,cross_entropy,0.8803451061248779,0.09411066770553589,0.9058893322944641,424.0,
425,train,cross_entropy,0.8803451061248779,0.06528860330581665,0.9347113966941833,425.0,
426,train,cross_entropy,0.8803451061248779,0.08017468452453613,0.9198253154754639,426.0,
427,train,cross_entropy,0.8803451061248779,0.08623003959655762,0.9137699604034424,427.0,
428,train,cross_entropy,0.8803451061248779,0.11340612173080444,0.8865938782691956,428.0,
429,train,cross_entropy,0.8803451061248779,0.4108564257621765,0.5891435742378235,429.0,
430,train,cross_entropy,0.8803451061248779,0.035070598125457764,0.9649294018745422,430.0,
431,train,cross_entropy,0.8803451061248779,0.11001229286193848,0.8899877071380615,431.0,
432,train,cross_entropy,0.8803451061248779,0.060086965560913086,0.9399130344390869,432.0,
433,train,cross_entropy,0.8803451061248779,0.03667527437210083,0.9633247256278992,433.0,
434,train,cross_entropy,0.8803451061248779,0.034249305725097656,0.9657506942749023,434.0,
435,train,cross_entropy,0.8803451061248779,0.1511598825454712,0.8488401174545288,435.0,
436,train,cross_entropy,0.8803451061248779,0.1463627815246582,0.8536372184753418,436.0,
437,train,cross_entropy,0.8803451061248779,0.08431440591812134,0.9156855940818787,437.0,
438,train,cross_entropy,0.8803451061248779,0.15439951419830322,0.8456004858016968,438.0,
439,train,cross_entropy,0.8803451061248779,0.07611852884292603,0.923881471157074,439.0,
440,train,cross_entropy,0.8803451061248779,0.06263720989227295,0.937362790107727,440.0,
441,train,cross_entropy,0.8803451061248779,0.28845304250717163,0.7115469574928284,441.0,
442,train,cross_entropy,0.8803451061248779,0.1463978886604309,0.8536021113395691,442.0,
443,train,cross_entropy,0.8803451061248779,0.07340896129608154,0.9265910387039185,443.0,
444,train,cross_entropy,0.8803451061248779,0.10187029838562012,0.8981297016143799,444.0,
445,train,cross_entropy,0.8803451061248779,0.5877101421356201,0.4122898578643799,445.0,
446,train,cross_entropy,0.8803451061248779,0.05806833505630493,0.9419316649436951,446.0,
447,train,cross_entropy,0.8803451061248779,0.1594153642654419,0.8405846357345581,447.0,
448,train,cross_entropy,0.8785938024520874,0.26930826902389526,0.7306917309761047,448.0,
449,train,cross_entropy,0.8785938024520874,0.11035799980163574,0.8896420001983643,449.0,
450,train,cross_entropy,0.8785938024520874,0.08363556861877441,0.9163644313812256,450.0,
451,train,cross_entropy,0.8785938024520874,0.36529290676116943,0.6347070932388306,451.0,
452,train,cross_entropy,0.8785938024520874,0.11732298135757446,0.8826770186424255,452.0,
453,train,cross_entropy,0.8785938024520874,0.20404881238937378,0.7959511876106262,453.0,
454,train,cross_entropy,0.8785938024520874,0.12208503484725952,0.8779149651527405,454.0,
455,train,cross_entropy,0.8785938024520874,0.10288882255554199,0.897111177444458,455.0,
456,train,cross_entropy,0.8785938024520874,0.6258978843688965,0.3741021156311035,456.0,
457,train,cross_entropy,0.8785938024520874,0.2842894196510315,0.7157105803489685,457.0,
458,train,cross_entropy,0.8785938024520874,0.05208462476730347,0.9479153752326965,458.0,
459,train,cross_entropy,0.8785938024520874,0.856162428855896,0.143837571144104,459.0,
460,train,cross_entropy,0.8785938024520874,0.045761704444885254,0.9542382955551147,460.0,
461,train,cross_entropy,0.8785938024520874,0.08647692203521729,0.9135230779647827,461.0,
462,train,cross_entropy,0.8785938024520874,0.047560691833496094,0.9524393081665039,462.0,
463,train,cross_entropy,0.8785938024520874,0.07388067245483398,0.926119327545166,463.0,
464,train,cross_entropy,0.8785938024520874,0.15977805852890015,0.8402219414710999,464.0,
465,train,cross_entropy,0.8785938024520874,0.17658251523971558,0.8234174847602844,465.0,
466,train,cross_entropy,0.8785938024520874,0.08977013826370239,0.9102298617362976,466.0,
467,train,cross_entropy,0.8785938024520874,0.10863572359085083,0.8913642764091492,467.0,
468,train,cross_entropy,0.8785938024520874,0.08760488033294678,0.9123951196670532,468.0,
469,train,cross_entropy,0.8785938024520874,0.046213388442993164,0.9537866115570068,469.0,
470,train,cross_entropy,0.8785938024520874,0.241643488407135,0.758356511592865,470.0,
471,train,cross_entropy,0.8785938024520874,0.09737318754196167,0.9026268124580383,471.0,
472,train,cross_entropy,0.8785938024520874,0.11179906129837036,0.8882009387016296,472.0,
473,train,cross_entropy,0.8785938024520874,0.14693981409072876,0.8530601859092712,473.0,
474,train,cross_entropy,0.8785938024520874,0.0696057677268982,0.9303942322731018,474.0,
475,train,cross_entropy,0.8785938024520874,0.05725592374801636,0.9427440762519836,475.0,
476,train,cross_entropy,0.8785938024520874,0.18648159503936768,0.8135184049606323,476.0,
477,train,cross_entropy,0.8785938024520874,0.08214694261550903,0.917853057384491,477.0,
478,train,cross_entropy,0.8785938024520874,0.0758582353591919,0.9241417646408081,478.0,
479,train,cross_entropy,0.8785938024520874,0.06878215074539185,0.9312178492546082,479.0,
480,train,cross_entropy,0.8708376884460449,0.31218141317367554,0.6878185868263245,480.0,
481,train,cross_entropy,0.8708376884460449,0.07702457904815674,0.9229754209518433,481.0,
482,train,cross_entropy,0.8708376884460449,0.07426363229751587,0.9257363677024841,482.0,
483,train,cross_entropy,0.8708376884460449,0.06711000204086304,0.932889997959137,483.0,
484,train,cross_entropy,0.8708376884460449,0.21848344802856445,0.7815165519714355,484.0,
485,train,cross_entropy,0.8708376884460449,0.1514992117881775,0.8485007882118225,485.0,
486,train,cross_entropy,0.8708376884460449,0.17903250455856323,0.8209674954414368,486.0,
487,train,cross_entropy,0.8708376884460449,0.12233442068099976,0.8776655793190002,487.0,
488,train,cross_entropy,0.8708376884460449,0.28552502393722534,0.7144749760627747,488.0,
489,train,cross_entropy,0.8708376884460449,0.14232957363128662,0.8576704263687134,489.0,
490,train,cross_entropy,0.8708376884460449,0.06530451774597168,0.9346954822540283,490.0,
491,train,cross_entropy,0.8708376884460449,0.06556349992752075,0.9344365000724792,491.0,
492,train,cross_entropy,0.8708376884460449,0.1892859935760498,0.8107140064239502,492.0,
493,train,cross_entropy,0.8708376884460449,0.10506010055541992,0.8949398994445801,493.0,
494,train,cross_entropy,0.8708376884460449,0.08853363990783691,0.9114663600921631,494.0,
495,train,cross_entropy,0.8708376884460449,0.12244606018066406,0.8775539398193359,495.0,
496,train,cross_entropy,0.8708376884460449,0.04750823974609375,0.9524917602539062,496.0,
497,train,cross_entropy,0.8708376884460449,0.03686082363128662,0.9631391763687134,497.0,
498,train,cross_entropy,0.8708376884460449,0.07699918746948242,0.9230008125305176,498.0,
499,train,cross_entropy,0.8708376884460449,0.15176987648010254,0.8482301235198975,499.0,
500,train,cross_entropy,0.8708376884460449,0.11664712429046631,0.8833528757095337,500.0,
501,train,cross_entropy,0.8708376884460449,0.2788456082344055,0.7211543917655945,501.0,
502,train,cross_entropy,0.8708376884460449,0.14211505651474,0.85788494348526,502.0,
503,train,cross_entropy,0.8708376884460449,0.09161776304244995,0.90838223695755,503.0,
504,train,cross_entropy,0.8708376884460449,0.0652850866317749,0.9347149133682251,504.0,
505,train,cross_entropy,0.8708376884460449,0.3931872844696045,0.6068127155303955,505.0,
506,train,cross_entropy,0.8708376884460449,0.1580256223678589,0.8419743776321411,506.0,
507,train,cross_entropy,0.8708376884460449,0.34937918186187744,0.6506208181381226,507.0,
508,train,cross_entropy,0.8708376884460449,0.09176486730575562,0.9082351326942444,508.0,
509,train,cross_entropy,0.8708376884460449,0.11816471815109253,0.8818352818489075,509.0,
510,train,cross_entropy,0.8708376884460449,0.4109530448913574,0.5890469551086426,510.0,
511,train,cross_entropy,0.8708376884460449,0.14990562200546265,0.8500943779945374,511.0,
512,train,cross_entropy,0.8401165008544922,0.05820184946060181,0.9417981505393982,512.0,
513,train,cross_entropy,0.8401165008544922,0.20809245109558105,0.791907548904419,513.0,
514,train,cross_entropy,0.8401165008544922,0.04524707794189453,0.9547529220581055,514.0,
515,train,cross_entropy,0.8401165008544922,0.0885583758354187,0.9114416241645813,515.0,
516,train,cross_entropy,0.8401165008544922,0.047858476638793945,0.952141523361206,516.0,
517,train,cross_entropy,0.8401165008544922,0.20466113090515137,0.7953388690948486,517.0,
518,train,cross_entropy,0.8401165008544922,0.08748888969421387,0.9125111103057861,518.0,
519,train,cross_entropy,0.8401165008544922,0.15780186653137207,0.8421981334686279,519.0,
520,train,cross_entropy,0.8401165008544922,0.2188594937324524,0.7811405062675476,520.0,
521,train,cross_entropy,0.8401165008544922,0.15864062309265137,0.8413593769073486,521.0,
522,train,cross_entropy,0.8401165008544922,0.044147491455078125,0.9558525085449219,522.0,
523,train,cross_entropy,0.8401165008544922,0.1431434154510498,0.8568565845489502,523.0,
524,train,cross_entropy,0.8401165008544922,0.1422414779663086,0.8577585220336914,524.0,
525,train,cross_entropy,0.8401165008544922,0.12457102537155151,0.8754289746284485,525.0,
526,train,cross_entropy,0.8401165008544922,0.08021390438079834,0.9197860956192017,526.0,
527,train,cross_entropy,0.8401165008544922,0.12821519374847412,0.8717848062515259,527.0,
528,train,cross_entropy,0.8401165008544922,0.08964747190475464,0.9103525280952454,528.0,
529,train,cross_entropy,0.8401165008544922,0.03226703405380249,0.9677329659461975,529.0,
530,train,cross_entropy,0.8401165008544922,0.12451577186584473,0.8754842281341553,530.0,
531,train,cross_entropy,0.8401165008544922,0.09788602590560913,0.9021139740943909,531.0,
532,train,cross_entropy,0.8401165008544922,0.06297260522842407,0.9370273947715759,532.0,
533,train,cross_entropy,0.8401165008544922,0.19732505083084106,0.8026749491691589,533.0,
534,train,cross_entropy,0.8401165008544922,0.8796985149383545,0.12030148506164551,534.0,
535,train,cross_entropy,0.8401165008544922,0.11302697658538818,0.8869730234146118,535.0,
536,train,cross_entropy,0.8401165008544922,0.08100217580795288,0.9189978241920471,536.0,
537,train,cross_entropy,0.8401165008544922,0.046970486640930176,0.9530295133590698,537.0,
538,train,cross_entropy,0.8401165008544922,0.097450852394104,0.902549147605896,538.0,
539,train,cross_entropy,0.8401165008544922,0.13249444961547852,0.8675055503845215,539.0,
540,train,cross_entropy,0.8401165008544922,0.0997360348701477,0.9002639651298523,540.0,
541,train,cross_entropy,0.8401165008544922,0.08169490098953247,0.9183050990104675,541.0,
542,train,cross_entropy,0.8401165008544922,0.05666631460189819,0.9433336853981018,542.0,
543,train,cross_entropy,0.8401165008544922,0.05606794357299805,0.943932056427002,543.0,
544,train,cross_entropy,0.864703893661499,0.23863500356674194,0.7613649964332581,544.0,
545,train,cross_entropy,0.864703893661499,0.38022273778915405,0.619777262210846,545.0,
546,train,cross_entropy,0.864703893661499,0.09452807903289795,0.905471920967102,546.0,
547,train,cross_entropy,0.864703893661499,0.5691626071929932,0.43083739280700684,547.0,
548,train,cross_entropy,0.864703893661499,0.053140878677368164,0.9468591213226318,548.0,
549,train,cross_entropy,0.864703893661499,0.1513928771018982,0.8486071228981018,549.0,
550,train,cross_entropy,0.864703893661499,0.05131733417510986,0.9486826658248901,550.0,
551,train,cross_entropy,0.864703893661499,0.06991475820541382,0.9300852417945862,551.0,
552,train,cross_entropy,0.864703893661499,0.14093321561813354,0.8590667843818665,552.0,
553,train,cross_entropy,0.864703893661499,0.1509837508201599,0.8490162491798401,553.0,
554,train,cross_entropy,0.864703893661499,0.11457502841949463,0.8854249715805054,554.0,
555,train,cross_entropy,0.864703893661499,0.6735209226608276,0.32647907733917236,555.0,
556,train,cross_entropy,0.864703893661499,0.05258387327194214,0.9474161267280579,556.0,
557,train,cross_entropy,0.864703893661499,0.9257000684738159,0.07429993152618408,557.0,
558,train,cross_entropy,0.864703893661499,0.08326685428619385,0.9167331457138062,558.0,
559,train,cross_entropy,0.864703893661499,0.046266794204711914,0.9537332057952881,559.0,
560,train,cross_entropy,0.864703893661499,0.0645630955696106,0.9354369044303894,560.0,
561,train,cross_entropy,0.864703893661499,0.12034714221954346,0.8796528577804565,561.0,
562,train,cross_entropy,0.864703893661499,0.08179342746734619,0.9182065725326538,562.0,
563,train,cross_entropy,0.864703893661499,0.12183749675750732,0.8781625032424927,563.0,
564,train,cross_entropy,0.864703893661499,0.08948111534118652,0.9105188846588135,564.0,
565,train,cross_entropy,0.864703893661499,0.09912222623825073,0.9008777737617493,565.0,
566,train,cross_entropy,0.864703893661499,0.07846510410308838,0.9215348958969116,566.0,
567,train,cross_entropy,0.864703893661499,0.08548378944396973,0.9145162105560303,567.0,
568,train,cross_entropy,0.864703893661499,0.043240249156951904,0.9567597508430481,568.0,
569,train,cross_entropy,0.864703893661499,0.08444023132324219,0.9155597686767578,569.0,
570,train,cross_entropy,0.864703893661499,0.13111776113510132,0.8688822388648987,570.0,
571,train,cross_entropy,0.864703893661499,0.09139645099639893,0.9086035490036011,571.0,
572,train,cross_entropy,0.864703893661499,0.0932425856590271,0.9067574143409729,572.0,
573,train,cross_entropy,0.864703893661499,0.19124221801757812,0.8087577819824219,573.0,
574,train,cross_entropy,0.864703893661499,0.04420953989028931,0.9557904601097107,574.0,
575,train,cross_entropy,0.864703893661499,0.42777585983276367,0.5722241401672363,575.0,
576,train,cross_entropy,0.8833351135253906,0.1104881763458252,0.8895118236541748,576.0,
577,train,cross_entropy,0.8833351135253906,0.08937263488769531,0.9106273651123047,577.0,
578,train,cross_entropy,0.8833351135253906,0.07744014263153076,0.9225598573684692,578.0,
579,train,cross_entropy,0.8833351135253906,0.03816330432891846,0.9618366956710815,579.0,
580,train,cross_entropy,0.8833351135253906,0.0798235535621643,0.9201764464378357,580.0,
581,train,cross_entropy,0.8833351135253906,0.06476867198944092,0.9352313280105591,581.0,
582,train,cross_entropy,0.8833351135253906,0.20769745111465454,0.7923025488853455,582.0,
583,train,cross_entropy,0.8833351135253906,0.09393590688705444,0.9060640931129456,583.0,
584,train,cross_entropy,0.8833351135253906,0.07200533151626587,0.9279946684837341,584.0,
585,train,cross_entropy,0.8833351135253906,0.08027374744415283,0.9197262525558472,585.0,
586,train,cross_entropy,0.8833351135253906,0.06340682506561279,0.9365931749343872,586.0,
587,train,cross_entropy,0.8833351135253906,0.10884052515029907,0.8911594748497009,587.0,
588,train,cross_entropy,0.8833351135253906,0.12128967046737671,0.8787103295326233,588.0,
589,train,cross_entropy,0.8833351135253906,0.1490180492401123,0.8509819507598877,589.0,
590,train,cross_entropy,0.8833351135253906,0.13381677865982056,0.8661832213401794,590.0,
591,train,cross_entropy,0.8833351135253906,0.05469989776611328,0.9453001022338867,591.0,
592,train,cross_entropy,0.8833351135253906,0.0815545916557312,0.9184454083442688,592.0,
593,train,cross_entropy,0.8833351135253906,0.08900141716003418,0.9109985828399658,593.0,
594,train,cross_entropy,0.8833351135253906,0.046109795570373535,0.9538902044296265,594.0,
595,train,cross_entropy,0.8833351135253906,0.07510310411453247,0.9248968958854675,595.0,
596,train,cross_entropy,0.8833351135253906,0.1368998885154724,0.8631001114845276,596.0,
597,train,cross_entropy,0.8833351135253906,0.33364659547805786,0.6663534045219421,597.0,
598,train,cross_entropy,0.8833351135253906,0.6175312995910645,0.38246870040893555,598.0,
599,train,cross_entropy,0.8833351135253906,0.10120338201522827,0.8987966179847717,599.0,
600,train,cross_entropy,0.8833351135253906,0.12548881769180298,0.874511182308197,600.0,
601,train,cross_entropy,0.8833351135253906,0.1043810248374939,0.8956189751625061,601.0,
602,train,cross_entropy,0.8833351135253906,0.05949258804321289,0.9405074119567871,602.0,
603,train,cross_entropy,0.8833351135253906,0.5171835422515869,0.4828164577484131,603.0,
604,train,cross_entropy,0.8833351135253906,0.19225221872329712,0.8077477812767029,604.0,
605,train,cross_entropy,0.8833351135253906,0.9999999403953552,5.960464477539063e-08,605.0,
606,train,cross_entropy,0.8833351135253906,0.11139029264450073,0.8886097073554993,606.0,
607,train,cross_entropy,0.8833351135253906,0.06925392150878906,0.9307460784912109,607.0,
608,train,cross_entropy,0.847537636756897,0.22464144229888916,0.7753585577011108,608.0,
609,train,cross_entropy,0.847537636756897,0.145369291305542,0.854630708694458,609.0,
610,train,cross_entropy,0.847537636756897,0.07289063930511475,0.9271093606948853,610.0,
611,train,cross_entropy,0.847537636756897,0.041876792907714844,0.9581232070922852,611.0,
612,train,cross_entropy,0.847537636756897,0.10271257162094116,0.8972874283790588,612.0,
613,train,cross_entropy,0.847537636756897,0.1819576621055603,0.8180423378944397,613.0,
614,train,cross_entropy,0.847537636756897,0.14381849765777588,0.8561815023422241,614.0,
615,train,cross_entropy,0.847537636756897,0.28050142526626587,0.7194985747337341,615.0,
616,train,cross_entropy,0.847537636756897,0.22774875164031982,0.7722512483596802,616.0,
617,train,cross_entropy,0.847537636756897,0.0821714997291565,0.9178285002708435,617.0,
618,train,cross_entropy,0.847537636756897,0.050501346588134766,0.9494986534118652,618.0,
619,train,cross_entropy,0.847537636756897,0.0860525369644165,0.9139474630355835,619.0,
620,train,cross_entropy,0.847537636756897,0.03923720121383667,0.9607627987861633,620.0,
621,train,cross_entropy,0.847537636756897,0.086972177028656,0.913027822971344,621.0,
622,train,cross_entropy,0.847537636756897,0.07513457536697388,0.9248654246330261,622.0,
623,train,cross_entropy,0.847537636756897,0.056036531925201416,0.9439634680747986,623.0,
624,train,cross_entropy,0.847537636756897,0.08336180448532104,0.916638195514679,624.0,
625,train,cross_entropy,0.847537636756897,0.19338750839233398,0.806612491607666,625.0,
626,train,cross_entropy,0.847537636756897,0.049007415771484375,0.9509925842285156,626.0,
627,train,cross_entropy,0.847537636756897,0.12306982278823853,0.8769301772117615,627.0,
628,train,cross_entropy,0.847537636756897,0.1635720133781433,0.8364279866218567,628.0,
629,train,cross_entropy,0.847537636756897,0.08310520648956299,0.916894793510437,629.0,
630,train,cross_entropy,0.847537636756897,0.48153066635131836,0.5184693336486816,630.0,
631,train,cross_entropy,0.847537636756897,0.05016827583312988,0.9498317241668701,631.0,
632,train,cross_entropy,0.847537636756897,0.08770579099655151,0.9122942090034485,632.0,
633,train,cross_entropy,0.847537636756897,0.4503120183944702,0.5496879816055298,633.0,
634,train,cross_entropy,0.847537636756897,0.11963212490081787,0.8803678750991821,634.0,
635,train,cross_entropy,0.847537636756897,0.2700934410095215,0.7299065589904785,635.0,
636,train,cross_entropy,0.847537636756897,0.08508545160293579,0.9149145483970642,636.0,
637,train,cross_entropy,0.847537636756897,0.10403841733932495,0.895961582660675,637.0,
638,train,cross_entropy,0.847537636756897,0.06481724977493286,0.9351827502250671,638.0,
639,train,cross_entropy,0.847537636756897,0.05982917547225952,0.9401708245277405,639.0,
640,train,cross_entropy,0.8359549045562744,0.19140619039535522,0.8085938096046448,640.0,
641,train,cross_entropy,0.8359549045562744,0.14438968896865845,0.8556103110313416,641.0,
642,train,cross_entropy,0.8359549045562744,0.7007851600646973,0.29921483993530273,642.0,
643,train,cross_entropy,0.8359549045562744,0.48272252082824707,0.5172774791717529,643.0,
644,train,cross_entropy,0.8359549045562744,0.0577046275138855,0.9422953724861145,644.0,
645,train,cross_entropy,0.8359549045562744,0.1274668574333191,0.8725331425666809,645.0,
646,train,cross_entropy,0.8359549045562744,0.1277022361755371,0.8722977638244629,646.0,
647,train,cross_entropy,0.8359549045562744,0.04290097951889038,0.9570990204811096,647.0,
648,train,cross_entropy,0.8359549045562744,0.11179542541503906,0.8882045745849609,648.0,
649,train,cross_entropy,0.8359549045562744,0.07203960418701172,0.9279603958129883,649.0,
650,train,cross_entropy,0.8359549045562744,0.09332787990570068,0.9066721200942993,650.0,
651,train,cross_entropy,0.8359549045562744,0.1787702441215515,0.8212297558784485,651.0,
652,train,cross_entropy,0.8359549045562744,0.11525321006774902,0.884746789932251,652.0,
653,train,cross_entropy,0.8359549045562744,0.06489163637161255,0.9351083636283875,653.0,
654,train,cross_entropy,0.8359549045562744,0.09055709838867188,0.9094429016113281,654.0,
655,train,cross_entropy,0.8359549045562744,0.1490076780319214,0.8509923219680786,655.0,
656,train,cross_entropy,0.8359549045562744,0.07089871168136597,0.929101288318634,656.0,
657,train,cross_entropy,0.8359549045562744,0.027528047561645508,0.9724719524383545,657.0,
658,train,cross_entropy,0.8359549045562744,0.04361790418624878,0.9563820958137512,658.0,
659,train,cross_entropy,0.8359549045562744,0.04624378681182861,0.9537562131881714,659.0,
660,train,cross_entropy,0.8359549045562744,0.11310166120529175,0.8868983387947083,660.0,
661,train,cross_entropy,0.8359549045562744,0.24903148412704468,0.7509685158729553,661.0,
662,train,cross_entropy,0.8359549045562744,0.0867772102355957,0.9132227897644043,662.0,
663,train,cross_entropy,0.8359549045562744,0.162767231464386,0.837232768535614,663.0,
664,train,cross_entropy,0.8359549045562744,0.10803210735321045,0.8919678926467896,664.0,
665,train,cross_entropy,0.8359549045562744,0.06764799356460571,0.9323520064353943,665.0,
666,train,cross_entropy,0.8359549045562744,0.09685057401657104,0.903149425983429,666.0,
667,train,cross_entropy,0.8359549045562744,0.09683108329772949,0.9031689167022705,667.0,
668,train,cross_entropy,0.8359549045562744,0.06224775314331055,0.9377522468566895,668.0,
669,train,cross_entropy,0.8359549045562744,0.04470038414001465,0.9552996158599854,669.0,
670,train,cross_entropy,0.8359549045562744,0.08410584926605225,0.9158941507339478,670.0,
671,train,cross_entropy,0.8359549045562744,0.0904611349105835,0.9095388650894165,671.0,
672,train,cross_entropy,0.8048118352890015,0.048420250415802,0.951579749584198,672.0,
673,train,cross_entropy,0.8048118352890015,0.04773068428039551,0.9522693157196045,673.0,
674,train,cross_entropy,0.8048118352890015,0.07973086833953857,0.9202691316604614,674.0,
675,train,cross_entropy,0.8048118352890015,0.08255517482757568,0.9174448251724243,675.0,
676,train,cross_entropy,0.8048118352890015,0.043543219566345215,0.9564567804336548,676.0,
677,train,cross_entropy,0.8048118352890015,0.02536606788635254,0.9746339321136475,677.0,
678,train,cross_entropy,0.8048118352890015,0.058082401752471924,0.9419175982475281,678.0,
679,train,cross_entropy,0.8048118352890015,0.08293604850769043,0.9170639514923096,679.0,
680,train,cross_entropy,0.8048118352890015,1.0,0.0,680.0,
681,train,cross_entropy,0.8048118352890015,0.09011322259902954,0.9098867774009705,681.0,
682,train,cross_entropy,0.8048118352890015,0.15180903673171997,0.84819096326828,682.0,
683,train,cross_entropy,0.8048118352890015,0.15623033046722412,0.8437696695327759,683.0,
684,train,cross_entropy,0.8048118352890015,0.06896531581878662,0.9310346841812134,684.0,
685,train,cross_entropy,0.8048118352890015,0.049974024295806885,0.9500259757041931,685.0,
686,train,cross_entropy,0.8048118352890015,0.052853941917419434,0.9471460580825806,686.0,
687,train,cross_entropy,0.8048118352890015,0.11820286512374878,0.8817971348762512,687.0,
688,train,cross_entropy,0.8048118352890015,0.051249802112579346,0.9487501978874207,688.0,
689,train,cross_entropy,0.8048118352890015,0.04753357172012329,0.9524664282798767,689.0,
690,train,cross_entropy,0.8048118352890015,0.12154096364974976,0.8784590363502502,690.0,
691,train,cross_entropy,0.8048118352890015,0.7569132447242737,0.24308675527572632,691.0,
692,train,cross_entropy,0.8048118352890015,0.06306874752044678,0.9369312524795532,692.0,
693,train,cross_entropy,0.8048118352890015,0.5166821479797363,0.48331785202026367,693.0,
694,train,cross_entropy,0.8048118352890015,0.15032356977462769,0.8496764302253723,694.0,
695,train,cross_entropy,0.8048118352890015,0.09009736776351929,0.9099026322364807,695.0,
696,train,cross_entropy,0.8048118352890015,0.03037625551223755,0.9696237444877625,696.0,
697,train,cross_entropy,0.8048118352890015,0.3748149871826172,0.6251850128173828,697.0,
698,train,cross_entropy,0.8048118352890015,0.07829350233078003,0.92170649766922,698.0,
699,train,cross_entropy,0.8048118352890015,0.053076326847076416,0.9469236731529236,699.0,
700,train,cross_entropy,0.8048118352890015,0.0590093731880188,0.9409906268119812,700.0,
701,train,cross_entropy,0.8048118352890015,0.054940104484558105,0.9450598955154419,701.0,
702,train,cross_entropy,0.8048118352890015,0.04339718818664551,0.9566028118133545,702.0,
703,train,cross_entropy,0.8048118352890015,0.06385374069213867,0.9361462593078613,703.0,
704,train,cross_entropy,0.8656128644943237,0.17248451709747314,0.8275154829025269,704.0,
705,train,cross_entropy,0.8656128644943237,0.07121866941452026,0.9287813305854797,705.0,
706,train,cross_entropy,0.8656128644943237,0.08112365007400513,0.9188763499259949,706.0,
707,train,cross_entropy,0.8656128644943237,0.06482672691345215,0.9351732730865479,707.0,
708,train,cross_entropy,0.8656128644943237,0.13205236196517944,0.8679476380348206,708.0,
709,train,cross_entropy,0.8656128644943237,0.04613286256790161,0.9538671374320984,709.0,
710,train,cross_entropy,0.8656128644943237,0.03860205411911011,0.9613979458808899,710.0,
711,train,cross_entropy,0.8656128644943237,0.10739326477050781,0.8926067352294922,711.0,
712,train,cross_entropy,0.8656128644943237,0.11592346429824829,0.8840765357017517,712.0,
713,train,cross_entropy,0.8656128644943237,0.05616217851638794,0.9438378214836121,713.0,
714,train,cross_entropy,0.8656128644943237,0.1062118411064148,0.8937881588935852,714.0,
715,train,cross_entropy,0.8656128644943237,0.1747855544090271,0.8252144455909729,715.0,
716,train,cross_entropy,0.8656128644943237,0.116335928440094,0.883664071559906,716.0,
717,train,cross_entropy,0.8656128644943237,0.06512010097503662,0.9348798990249634,717.0,
718,train,cross_entropy,0.8656128644943237,0.08227300643920898,0.917726993560791,718.0,
719,train,cross_entropy,0.8656128644943237,0.174094557762146,0.825905442237854,719.0,
720,train,cross_entropy,0.8656128644943237,0.19537484645843506,0.8046251535415649,720.0,
721,train,cross_entropy,0.8656128644943237,0.17829662561416626,0.8217033743858337,721.0,
722,train,cross_entropy,0.8656128644943237,0.0899972915649414,0.9100027084350586,722.0,
723,train,cross_entropy,0.8656128644943237,0.09499424695968628,0.9050057530403137,723.0,
724,train,cross_entropy,0.8656128644943237,0.14042699337005615,0.8595730066299438,724.0,
725,train,cross_entropy,0.8656128644943237,0.16558539867401123,0.8344146013259888,725.0,
726,train,cross_entropy,0.8656128644943237,0.05956834554672241,0.9404316544532776,726.0,
727,train,cross_entropy,0.8656128644943237,0.06031990051269531,0.9396800994873047,727.0,
728,train,cross_entropy,0.8656128644943237,0.04715973138809204,0.952840268611908,728.0,
729,train,cross_entropy,0.8656128644943237,0.10540574789047241,0.8945942521095276,729.0,
730,train,cross_entropy,0.8656128644943237,0.13344311714172363,0.8665568828582764,730.0,
731,train,cross_entropy,0.8656128644943237,0.07458746433258057,0.9254125356674194,731.0,
732,train,cross_entropy,0.8656128644943237,0.06527715921401978,0.9347228407859802,732.0,
733,train,cross_entropy,0.8656128644943237,0.3012252449989319,0.6987747550010681,733.0,
734,train,cross_entropy,0.8656128644943237,0.14360392093658447,0.8563960790634155,734.0,
735,train,cross_entropy,0.8656128644943237,0.035505056381225586,0.9644949436187744,735.0,
736,train,cross_entropy,0.8504253625869751,0.06929367780685425,0.9307063221931458,736.0,
737,train,cross_entropy,0.8504253625869751,0.2563248872756958,0.7436751127243042,737.0,
738,train,cross_entropy,0.8504253625869751,0.2205674648284912,0.7794325351715088,738.0,
739,train,cross_entropy,0.8504253625869751,0.20054996013641357,0.7994500398635864,739.0,
740,train,cross_entropy,0.8504253625869751,0.12615042924880981,0.8738495707511902,740.0,
741,train,cross_entropy,0.8504253625869751,0.09690636396408081,0.9030936360359192,741.0,
742,train,cross_entropy,0.8504253625869751,0.17673611640930176,0.8232638835906982,742.0,
743,train,cross_entropy,0.8504253625869751,0.10229408740997314,0.8977059125900269,743.0,
744,train,cross_entropy,0.8504253625869751,0.09020364284515381,0.9097963571548462,744.0,
745,train,cross_entropy,0.8504253625869751,0.04808443784713745,0.9519155621528625,745.0,
746,train,cross_entropy,0.8504253625869751,0.24744969606399536,0.7525503039360046,746.0,
747,train,cross_entropy,0.8504253625869751,0.12479507923126221,0.8752049207687378,747.0,
748,train,cross_entropy,0.8504253625869751,0.13304859399795532,0.8669514060020447,748.0,
749,train,cross_entropy,0.8504253625869751,0.08538281917572021,0.9146171808242798,749.0,
750,train,cross_entropy,0.8504253625869751,0.0396728515625,0.9603271484375,750.0,
751,train,cross_entropy,0.8504253625869751,0.12893885374069214,0.8710611462593079,751.0,
752,train,cross_entropy,0.8504253625869751,0.05210918188095093,0.9478908181190491,752.0,
753,train,cross_entropy,0.8504253625869751,0.03426170349121094,0.9657382965087891,753.0,
754,train,cross_entropy,0.8504253625869751,0.06367331743240356,0.9363266825675964,754.0,
755,train,cross_entropy,0.8504253625869751,0.19251734018325806,0.8074826598167419,755.0,
756,train,cross_entropy,0.8504253625869751,0.07599401473999023,0.9240059852600098,756.0,
757,train,cross_entropy,0.8504253625869751,0.09842085838317871,0.9015791416168213,757.0,
758,train,cross_entropy,0.8504253625869751,0.25480008125305176,0.7451999187469482,758.0,
759,train,cross_entropy,0.8504253625869751,0.06028270721435547,0.9397172927856445,759.0,
760,train,cross_entropy,0.8504253625869751,0.05381214618682861,0.9461878538131714,760.0,
761,train,cross_entropy,0.8504253625869751,0.044273436069488525,0.9557265639305115,761.0,
762,train,cross_entropy,0.8504253625869751,0.16996246576309204,0.830037534236908,762.0,
763,train,cross_entropy,0.8504253625869751,0.09345602989196777,0.9065439701080322,763.0,
764,train,cross_entropy,0.8504253625869751,0.07647693157196045,0.9235230684280396,764.0,
765,train,cross_entropy,0.8504253625869751,0.06413078308105469,0.9358692169189453,765.0,
766,train,cross_entropy,0.8504253625869751,0.07464349269866943,0.9253565073013306,766.0,
767,train,cross_entropy,0.8504253625869751,0.14489221572875977,0.8551077842712402,767.0,
768,train,cross_entropy,0.8754708766937256,0.12284773588180542,0.8771522641181946,768.0,
769,train,cross_entropy,0.8754708766937256,0.2474879026412964,0.7525120973587036,769.0,
770,train,cross_entropy,0.8754708766937256,0.08971178531646729,0.9102882146835327,770.0,
771,train,cross_entropy,0.8754708766937256,0.10177725553512573,0.8982227444648743,771.0,
772,train,cross_entropy,0.8754708766937256,0.11180758476257324,0.8881924152374268,772.0,
773,train,cross_entropy,0.8754708766937256,0.11830097436904907,0.8816990256309509,773.0,
774,train,cross_entropy,0.8754708766937256,0.056004226207733154,0.9439957737922668,774.0,
775,train,cross_entropy,0.8754708766937256,0.05649656057357788,0.9435034394264221,775.0,
776,train,cross_entropy,0.8754708766937256,0.10112738609313965,0.8988726139068604,776.0,
777,train,cross_entropy,0.8754708766937256,0.14017176628112793,0.8598282337188721,777.0,
778,train,cross_entropy,0.8754708766937256,0.12432914972305298,0.875670850276947,778.0,
779,train,cross_entropy,0.8754708766937256,0.07689845561981201,0.923101544380188,779.0,
780,train,cross_entropy,0.8754708766937256,0.09935826063156128,0.9006417393684387,780.0,
781,train,cross_entropy,0.8754708766937256,0.06224095821380615,0.9377590417861938,781.0,
782,train,cross_entropy,0.8754708766937256,0.09560197591781616,0.9043980240821838,782.0,
783,train,cross_entropy,0.8754708766937256,0.0725102424621582,0.9274897575378418,783.0,
784,train,cross_entropy,0.8754708766937256,0.06411981582641602,0.935880184173584,784.0,
785,train,cross_entropy,0.8754708766937256,0.12600910663604736,0.8739908933639526,785.0,
786,train,cross_entropy,0.8754708766937256,0.14226305484771729,0.8577369451522827,786.0,
787,train,cross_entropy,0.8754708766937256,0.07080721855163574,0.9291927814483643,787.0,
788,train,cross_entropy,0.8754708766937256,0.2888457179069519,0.7111542820930481,788.0,
789,train,cross_entropy,0.8754708766937256,0.10717296600341797,0.892827033996582,789.0,
790,train,cross_entropy,0.8754708766937256,0.1564047932624817,0.8435952067375183,790.0,
791,train,cross_entropy,0.8754708766937256,0.08484971523284912,0.9151502847671509,791.0,
792,train,cross_entropy,0.8754708766937256,0.13523215055465698,0.864767849445343,792.0,
793,train,cross_entropy,0.8754708766937256,0.08240872621536255,0.9175912737846375,793.0,
794,train,cross_entropy,0.8754708766937256,0.18405824899673462,0.8159417510032654,794.0,
795,train,cross_entropy,0.8754708766937256,0.05914151668548584,0.9408584833145142,795.0,
796,train,cross_entropy,0.8754708766937256,0.14485853910446167,0.8551414608955383,796.0,
797,train,cross_entropy,0.8754708766937256,0.3074864149093628,0.6925135850906372,797.0,
798,train,cross_entropy,0.8754708766937256,0.13207197189331055,0.8679280281066895,798.0,
799,train,cross_entropy,0.8754708766937256,1.0,0.0,799.0,
800,ind_val,cross_entropy,0.8125,0.05606204271316528,0.9439379572868347,0.0,
801,ind_val,cross_entropy,0.71875,0.1203148365020752,0.8796851634979248,1.0,
802,ind_val,cross_entropy,0.8125,0.03928297758102417,0.9607170224189758,2.0,
803,ind_test,cross_entropy,0.8125,0.1398804783821106,0.8601195216178894,0.0,
804,ind_test,cross_entropy,0.71875,0.07003390789031982,0.9299660921096802,1.0,
805,ind_test,cross_entropy,0.78125,0.056466758251190186,0.9435332417488098,2.0,
806,EtisLaribDB,cross_entropy,1.0,0.9999999403953552,5.960464477539063e-08,0.0,
807,EtisLaribDB,cross_entropy,1.0,0.9999985694885254,1.430511474609375e-06,1.0,
808,EtisLaribDB,cross_entropy,1.0,0.9999999403953552,5.960464477539063e-08,2.0,
809,EtisLaribDB,cross_entropy,1.0,0.9999992847442627,7.152557373046875e-07,3.0,
810,EtisLaribDB,cross_entropy,1.0,1.0,0.0,4.0,
811,EtisLaribDB,cross_entropy,1.0,0.9999998807907104,1.1920928955078125e-07,5.0,
812,CVC-ClinicDB,cross_entropy,1.0,0.7225551009178162,0.27744489908218384,0.0,
813,CVC-ClinicDB,cross_entropy,1.0,0.6693204641342163,0.3306795358657837,1.0,
814,CVC-ClinicDB,cross_entropy,1.0,0.8221953511238098,0.17780464887619019,2.0,
815,CVC-ClinicDB,cross_entropy,1.0,0.6503998041152954,0.3496001958847046,3.0,
816,CVC-ClinicDB,cross_entropy,0.71875,0.6171566247940063,0.38284337520599365,4.0,
817,CVC-ClinicDB,cross_entropy,1.0,0.29842472076416016,0.7015752792358398,5.0,
818,CVC-ClinicDB,cross_entropy,1.0,0.23364871740341187,0.7663512825965881,6.0,
819,CVC-ClinicDB,cross_entropy,1.0,0.6968117952346802,0.3031882047653198,7.0,
820,CVC-ClinicDB,cross_entropy,0.875,0.8233955502510071,0.17660444974899292,8.0,
821,CVC-ClinicDB,cross_entropy,1.0,0.4873487949371338,0.5126512050628662,9.0,
822,CVC-ClinicDB,cross_entropy,1.0,0.6598289012908936,0.34017109870910645,10.0,
823,CVC-ClinicDB,cross_entropy,1.0,0.651673436164856,0.34832656383514404,11.0,
824,CVC-ClinicDB,cross_entropy,0.625,0.2709982395172119,0.7290017604827881,12.0,
825,CVC-ClinicDB,cross_entropy,1.0,0.8676634430885315,0.1323365569114685,13.0,
826,CVC-ClinicDB,cross_entropy,1.0,0.7552304863929749,0.24476951360702515,14.0,
827,CVC-ClinicDB,cross_entropy,0.90625,0.47473078966140747,0.5252692103385925,15.0,
828,CVC-ClinicDB,cross_entropy,0.75,0.6847248673439026,0.3152751326560974,16.0,
829,CVC-ClinicDB,cross_entropy,1.0,0.6364656686782837,0.3635343313217163,17.0,
830,CVC-ClinicDB,cross_entropy,1.0,0.6770483255386353,0.32295167446136475,18.0,
831,EndoCV2020,cross_entropy,0.875,0.9898861646652222,0.010113835334777832,0.0,
832,EndoCV2020,cross_entropy,1.0,0.05983167886734009,0.9401683211326599,1.0,
833,EndoCV2020,cross_entropy,0.59375,0.5336476564407349,0.46635234355926514,2.0,
